chr1_626771_627149	174	144	265	60	76	113	68	113	151	60
chr1_4139459_4142601	817	2514	817	1068	691	1068	817	1005	754	817
chr1_5628074_5628520	250	366	187	250	125	107	89	214	134	205
chr1_5698648_5699435	268	268	818	252	142	142	157	220	110	394
chr1_19293964_19295523	312	374	780	312	312	717	499	249	405	218
chr1_23151028_23155833	1634	1730	961	2018	673	1249	1249	3460	2018	4132
chr1_33919198_33921189	876	478	996	438	1513	398	319	398	637	836
chr1_36750206_36750927	187	159	375	115	159	159	274	317	260	187
chr1_39176818_39180572	601	601	1201	1051	676	1727	676	2853	3454	1351
chr1_44566678_44571496	3084	771	771	3565	867	1060	2891	1156	867	2891
chr1_50354830_50358437	866	1154	1154	1010	2092	721	1082	794	721	2381
chr1_63473998_63476149	731	989	688	2065	344	387	1248	516	774	559
chr1_78822048_78826970	3839	886	1181	1181	689	1673	886	1280	1575	984
chr1_79265102_79268683	931	501	501	501	645	788	1647	716	2722	931
chr1_80701697_80706055	2528	1046	872	2789	3138	1046	1569	1220	1743	1046
chr1_83563633_83568170	1633	1543	635	1089	2178	817	635	1543	2087	3176
chr1_85402822_85403752	521	186	446	130	130	725	130	205	186	279
chr1_91270909_91273237	1024	512	559	466	1257	652	326	978	512	698
chr1_94242107_94243897	573	322	752	251	716	286	322	286	680	394
chr1_102486514_102486670	37	47	31	37	25	25	44	62	25	125
chr1_107002976_107003667	484	276	442	249	152	138	594	346	207	166
chr1_118705348_118707279	734	579	386	309	579	348	1043	386	425	309
chr1_119877977_119879012	228	538	166	269	414	352	393	166	290	704
chr1_125005859_125008969	684	622	560	746	498	995	560	498	2675	1617
chr1_146338343_146338870	95	221	95	84	285	358	306	74	295	264
chr1_158890726_158893129	721	1682	1730	1250	1105	1298	384	336	481	529
chr1_160497778_160501553	2265	4606	680	529	680	831	680	755	1133	1208
chr1_162980469_162983094	1418	578	473	735	840	525	525	1260	630	1103
chr1_166510359_166512967	1200	1043	991	730	626	1252	678	469	835	626
chr1_166687778_166690548	1053	720	1662	886	1385	609	997	1330	1053	831
chr1_167840588_167845363	764	955	1910	1242	1624	1146	955	669	1337	1624
chr1_178383467_178386103	633	1265	580	369	1687	580	580	896	1002	1476
chr1_184465680_184469568	1244	778	1166	933	1633	855	855	700	1400	1555
chr1_197599409_197601190	392	427	463	997	891	321	321	712	499	463
chr1_200078964_200083764	1152	1824	1536	1152	1440	1344	1440	1536	768	1152
chr1_200140568_200141190	386	100	498	162	187	112	211	211	137	124
chr1_207297729_207299902	435	435	522	1391	391	391	478	869	348	652
chr1_215447584_215452097	722	1444	5506	722	1534	993	1534	1444	722	1264
chr1_216476579_216476890	149	137	56	68	75	131	211	93	62	124
chr1_217049885_217050777	285	482	232	214	178	143	375	696	500	178
chr1_217396152_217396596	115	62	186	133	204	133	89	107	80	107
chr1_221043680_221044065	231	123	77	208	193	54	92	54	85	169
chr1_221212795_221216625	996	536	996	536	1532	689	1072	3217	613	1379
chr1_223305163_223309279	906	2964	1893	2881	2058	2058	1893	988	2552	2717
chr1_231147928_231148398	169	122	169	103	301	75	75	75	263	291
chr1_242874452_242877018	667	513	667	821	513	718	821	1078	513	513
chr1_246103880_246105895	322	363	403	1733	363	443	403	282	1249	363
chr2_2287522_2291189	1320	1173	733	2054	1100	1613	1247	1687	1247	733
chr2_3222024_3226356	780	866	2426	1213	953	2513	1213	1126	953	953
chr2_4988465_4991718	3123	651	1496	1041	976	520	781	2733	1561	1496
chr2_5906690_5909675	1075	597	657	1612	1015	2209	716	597	597	657
chr2_8528540_8532201	2636	952	732	1245	2563	1245	2563	1172	1098	3441
chr2_8576617_8576786	24	24	71	91	27	74	74	37	30	105
chr2_10896473_10900414	1813	788	1025	709	1025	1734	1419	1813	788	1734
chr2_21504855_21505154	84	114	120	138	126	161	126	54	72	54
chr2_22354163_22357627	624	2840	624	901	2148	1940	970	2009	1247	2148
chr2_38541943_38543684	627	557	313	348	662	1462	279	522	557	557
chr2_41674288_41674846	123	692	357	212	123	246	279	78	179	234
chr2_43172704_43174948	1032	494	1077	449	449	359	449	539	1436	1032
chr2_47626687_47631312	740	1480	2590	1943	925	1203	2498	648	1110	648
chr2_50513805_50514928	337	202	449	202	270	157	247	539	202	382
chr2_56856931_56860570	1310	582	509	4221	509	1601	2038	873	1456	801
chr2_57711162_57712721	748	312	281	343	312	499	2463	281	624	218
chr2_59586383_59591382	1200	1300	1000	1300	2500	3399	2100	1600	900	1100
chr2_59935014_59936506	388	418	388	298	328	328	418	537	865	955
chr2_62517809_62520009	660	352	748	352	1056	1276	616	836	484	308
chr2_62852547_62855088	762	508	1067	1677	508	1220	813	508	407	1118
chr2_65181815_65184422	782	626	521	1564	678	469	678	1460	1981	678
chr2_71326061_71330334	598	684	855	2051	769	940	769	769	2906	1196
chr2_93932739_93935629	1156	636	520	1618	520	462	2196	751	983	925
chr2_100724480_100729163	749	1686	1405	2061	2248	4027	2435	1124	2716	937
chr2_112933346_112937468	577	1896	2638	907	1319	824	742	2391	3462	1072
chr2_126025191_126027409	798	665	621	1553	577	1420	355	577	1420	311
chr2_144056832_144060605	1132	1660	2415	906	755	3094	528	2339	1283	1358
chr2_146829678_146830903	515	417	294	221	270	172	221	833	637	196
chr2_149775314_149780173	777	1263	1458	1944	972	875	680	1166	2915	875
chr2_150495840_150499379	1486	920	2407	637	1416	637	3822	708	1345	1062
chr2_151100126_151103504	878	4594	608	608	1081	878	608	946	1013	608
chr2_159596573_159600882	1637	1896	948	776	689	1120	2672	948	1207	1120
chr2_164033183_164036862	1619	1104	515	4562	736	1104	2060	1251	1619	589
chr2_174693530_174697882	1567	1044	1044	783	2959	3308	1654	4265	1741	1567
chr2_176578677_176580500	729	802	1276	365	802	328	583	365	292	255
chr2_177469124_177470418	233	336	285	233	233	207	414	336	492	233
chr2_190243179_190244870	338	304	1082	338	406	1116	541	1048	609	609
chr2_197990980_197994564	1004	717	502	1362	645	573	1434	1004	788	717
chr2_207055684_207056751	320	704	299	235	149	277	213	341	299	405
chr2_208898482_208900905	630	388	872	533	824	339	1212	339	1357	1260
chr2_221848985_221850599	904	226	258	258	291	452	387	484	387	775
chr2_222815300_222815913	441	184	270	159	135	98	282	110	294	405
chr2_227014514_227019095	641	641	1558	1008	825	2749	641	2199	825	1924
chr2_228804125_228807143	1026	664	543	905	543	966	966	1388	543	543
chr2_238307819_238311487	1100	1834	587	1614	587	5282	1614	514	1761	660
chr3_237955_242231	1368	1112	599	1026	3335	1283	1026	684	1454	1625
chr3_15954172_15956950	945	556	500	444	1278	1056	667	1333	1222	1222
chr3_18286649_18288978	373	1444	1304	885	1584	978	885	652	419	1397
chr3_19369156_19372524	1549	2088	1617	2088	472	539	674	2021	1212	876
chr3_20940713_20942350	622	295	458	360	524	327	327	229	982	229
chr3_25193171_25196993	917	535	535	1299	2370	841	764	612	1987	841
chr3_25443486_25447298	686	1144	686	2516	1906	610	1982	2058	1144	1220
chr3_27221088_27225775	1125	1219	1031	1406	750	3468	656	1500	1031	2812
chr3_41264170_41268018	2540	693	693	770	770	693	539	4079	1385	2924
chr3_42099003_42100176	211	328	164	516	422	235	188	1572	211	328
chr3_43000530_43005154	2774	1017	1295	2035	740	3329	740	647	3422	647
chr3_56252183_56256564	4206	876	1051	1665	876	789	1840	964	789	1402
chr3_71774772_71775971	264	168	815	408	336	384	216	384	1103	312
chr3_74388662_74392340	1545	883	3016	1030	1103	736	1618	1324	883	4119
chr3_74801862_74802439	127	196	185	92	104	242	104	289	127	404
chr3_83983174_83984008	701	450	150	334	133	150	317	567	500	200
chr3_89237008_89239931	2046	935	3274	2865	1228	1228	1111	702	526	585
chr3_90500665_90504667	1601	1201	560	1361	2001	1841	1121	640	880	640
chr3_92203292_92207483	838	1425	2682	1006	754	1173	1257	1509	1425	1425
chr3_93433965_93434474	92	143	112	112	163	102	153	92	204	92
chr3_95924883_95925607	246	405	116	362	116	217	304	261	116	101
chr3_96536735_96539075	655	796	562	421	1217	328	421	1310	515	374
chr3_98947550_98951276	969	820	1267	1267	820	671	1565	1192	522	1192
chr3_99165965_99169934	1508	1349	1746	714	1191	635	2143	2540	794	3016
chr3_105755717_105756474	212	182	242	136	318	409	621	363	227	333
chr3_118276903_118281617	943	754	1980	1131	3300	849	2263	1603	1131	2263
chr3_121340423_121343621	1919	1023	2111	768	959	448	1343	1983	768	768
chr3_127973395_127977968	1646	4664	915	915	1189	823	2469	915	640	1006
chr3_130549381_130553700	950	691	1468	1209	691	864	3455	1900	3973	691
chr3_130629516_130632854	668	668	1335	2070	1202	2670	601	1535	801	1803
chr3_131868011_131869940	386	1736	887	309	386	772	540	579	579	347
chr3_134722624_134725139	402	604	604	905	1207	402	855	503	805	755
chr3_137942175_137945053	2705	1151	576	863	691	806	518	748	691	3166
chr3_149393662_149394881	268	780	293	244	317	463	390	439	463	731
chr3_152593565_152598215	1209	837	4092	2511	1116	2325	1302	3255	837	2139
chr3_157784596_157784862	144	43	160	69	96	90	43	160	117	90
chr3_177127990_177128915	352	296	296	352	611	241	481	315	167	222
chr3_178001208_178006038	2801	1932	1642	1739	1932	869	1159	1256	966	1449
chr3_191645715_191646783	1025	491	171	427	192	619	214	214	577	192
chr3_193519946_193522198	495	766	360	676	1036	856	360	586	991	450
chr3_197871926_197873415	357	447	268	536	625	328	328	596	893	655
chr3_197962758_197964528	1310	319	354	319	248	248	354	319	354	319
chr4_710431_714167	1121	1046	3138	598	897	598	523	747	1270	1046
chr4_7857091_7859345	361	541	1758	902	406	1938	1127	451	1623	676
chr4_14225479_14228744	1502	522	784	914	914	588	784	1110	849	457
chr4_15266225_15271157	1184	986	2762	2367	5031	1874	1085	2269	1282	888
chr4_24640896_24644198	1519	3500	462	726	528	462	462	1189	859	1783
chr4_33232047_33235960	704	1409	1017	1017	783	1565	704	783	783	1800
chr4_46068790_46070832	368	286	572	327	531	531	817	490	408	368
chr4_54903009_54906105	2415	2105	929	743	1486	495	433	1176	433	2105
chr4_56637168_56637832	93	319	491	252	159	186	531	412	279	359
chr4_57386763_57389795	1152	546	546	1031	606	424	1516	1031	970	1092
chr4_60611075_60611628	199	177	254	88	144	177	188	111	265	133
chr4_60868215_60872278	1219	975	3982	731	975	1219	731	813	1463	2113
chr4_68440350_68441894	494	309	463	340	247	587	309	216	618	371
chr4_72273206_72276629	616	548	1164	685	822	616	958	1712	958	958
chr4_73818228_73822848	1663	1571	832	8963	1478	1294	832	647	924	1663
chr4_88092895_88094266	219	411	494	466	411	411	302	548	219	274
chr4_89423699_89424846	963	459	344	321	321	619	229	482	184	161
chr4_89824193_89826321	2383	383	340	426	724	298	340	724	383	340
chr4_90527477_90528625	298	413	184	321	230	184	551	413	298	298
chr4_91119743_91121370	1529	293	228	748	325	260	1529	716	228	260
chr4_94058806_94060118	682	262	289	604	367	262	289	262	472	236
chr4_99874913_99875054	45	59	31	56	65	68	31	48	25	20
chr4_103409377_103413138	1805	1805	602	602	1053	752	903	1354	903	752
chr4_104545530_104548206	2087	856	428	856	803	1284	1445	1017	428	1392
chr4_106898742_106901106	946	756	567	426	1087	520	898	473	426	993
chr4_107166849_107167515	120	200	120	266	160	386	173	173	320	213
chr4_109295124_109298382	912	652	1759	521	1108	652	847	782	1238	1824
chr4_116548852_116552290	550	688	963	1238	1994	1444	550	619	1100	1238
chr4_122587721_122588888	840	490	513	187	303	210	303	607	350	210
chr4_124228911_124233836	887	1773	887	985	2069	887	1478	7880	2660	1970
chr4_126374013_126374197	55	37	29	52	40	26	52	52	33	44
chr4_133540229_133540957	189	568	204	422	277	160	146	349	233	233
chr4_141382165_141383268	309	507	309	176	331	529	441	243	529	199
chr4_142647496_142651701	1514	2439	925	1514	1430	2018	1514	757	2018	1430
chr4_145407331_145411035	741	1111	1185	2074	741	741	667	1037	2445	593
chr4_147355823_147359150	1131	998	1664	665	1198	1730	2529	1198	665	865
chr4_148900325_148904543	675	1350	591	1265	759	1940	928	1518	675	591
chr4_158524525_158525081	89	167	133	178	145	245	178	156	222	489
chr4_160689244_160691685	781	830	1806	732	488	391	976	488	1221	1123
chr4_166399162_166399807	90	219	387	103	90	181	90	103	129	413
chr4_169828238_169831322	740	493	678	1542	1912	1480	1110	1357	3084	617
chr4_173158939_173161815	518	403	748	748	978	1323	1668	690	690	805
chr4_175931299_175934338	3039	486	851	1276	1094	851	2310	547	1520	486
chr4_185283448_185284410	173	231	173	269	346	519	173	519	346	462
chr4_187141296_187145555	852	2555	767	852	852	852	937	937	1448	937
chr4_187406461_187409108	1112	688	1165	424	1324	529	1059	424	1006	794
chr4_188501345_188503363	686	605	605	928	323	363	928	525	525	1049
chr4_188911376_188915645	1025	768	1025	1025	2647	2305	1025	1708	939	1025
chr5_3740036_3743896	849	695	2470	772	772	3320	2007	5404	1235	1544
chr5_7429038_7432440	1701	1293	544	1769	544	680	748	680	1565	1905
chr5_10005186_10009338	4567	913	996	2159	996	913	747	2408	3986	1412
chr5_18668772_18672715	1577	867	631	710	710	1025	1498	1183	1262	946
chr5_18789355_18789886	106	96	117	106	234	96	96	138	138	74
chr5_19073905_19075535	685	717	554	522	326	1663	652	261	326	1663
chr5_22681215_22684138	1578	935	1462	1637	818	643	585	1052	585	1929
chr5_24727091_24728457	328	546	191	273	437	519	301	683	273	765
chr5_29827010_29830206	831	895	4027	639	1023	1726	511	3004	1918	511
chr5_35171884_35172808	610	148	444	185	166	407	277	148	351	148
chr5_41030205_41031782	347	410	284	599	284	221	757	442	473	599
chr5_42038132_42041788	1316	1024	1097	1974	804	2632	585	1462	1609	1243
chr5_48506586_48511055	2056	1073	1609	1073	804	1698	1073	2145	1877	804
chr5_50017126_50021830	2634	941	1788	1223	753	941	1976	1317	1035	941
chr5_51819316_51823488	1669	1252	834	1335	1085	834	1919	2169	834	584
chr5_52236773_52240321	1135	781	1419	993	710	781	1206	1987	2626	2484
chr5_53311457_53313124	433	400	333	533	500	967	333	233	300	433
chr5_81556384_81556660	99	83	375	66	83	77	188	61	55	44
chr5_82334060_82337309	780	1170	1105	585	975	780	1040	585	1105	975
chr5_83748760_83753655	1664	1175	1175	1762	2545	881	2448	685	1566	1860
chr5_85012800_85013434	178	228	228	355	685	114	139	203	139	368
chr5_85198632_85203499	2141	1265	2239	2531	1557	876	779	2141	1363	681
chr5_107064487_107069247	5522	1523	857	857	1618	1238	2951	1428	1142	2856
chr5_113673444_113677848	1057	3611	1321	1233	793	1497	793	881	969	705
chr5_125279958_125280097	78	58	42	56	53	150	100	25	25	56
chr5_125404536_125407637	620	1364	1613	620	1613	744	558	868	1426	620
chr5_125411480_125416325	1938	1357	1647	1357	872	775	1938	1938	969	2713
chr5_126513767_126517250	1742	3622	766	836	627	557	1115	836	2508	2299
chr5_127276261_127278954	431	431	646	646	646	808	485	377	1239	1724
chr5_127729982_127734934	792	1585	792	891	1188	1387	1486	2575	1089	792
chr5_127906806_127909563	1820	1048	1268	1268	1103	496	496	1213	1158	1434
chr5_128431375_128434891	1688	3094	2321	563	703	1125	563	1336	633	2532
chr5_130321655_130325437	605	983	1362	1588	605	1135	529	1059	2042	681
chr5_137957877_137958726	425	153	340	475	136	136	204	238	577	900
chr5_138815216_138816365	322	230	322	529	207	643	253	1057	437	276
chr5_140001157_140003546	1051	573	1003	1003	430	1529	621	1051	1433	382
chr5_143383928_143388893	1092	1688	2284	894	1887	1291	1986	2383	2185	3078
chr5_143476268_143478914	529	1164	1376	847	476	423	1005	423	900	1270
chr5_143825140_143827288	687	1031	473	473	2019	430	902	1418	344	301
chr5_144459470_144462371	1334	522	464	1334	464	638	1218	638	870	464
chr5_144751556_144752296	207	163	947	118	340	222	326	385	266	178
chr5_147954575_147957589	543	723	1326	663	1025	1206	904	663	1507	904
chr5_160950180_160953842	1025	659	1465	1245	952	1245	659	879	513	1685
chr5_167494336_167497614	524	2229	1705	1180	1705	1246	524	1311	1377	524
chr5_174123551_174124738	522	309	356	309	190	973	214	688	641	285
chr5_180883910_180885295	249	693	1025	249	776	1108	332	332	277	997
chr6_3512359_3517037	655	936	936	1403	842	2900	1403	3555	1965	1216
chr6_4389927_4394474	728	2728	1637	2637	818	2819	3547	1091	1637	909
chr6_5631215_5634864	949	1095	803	2116	511	584	949	657	1022	511
chr6_6082122_6087069	1385	1880	1583	1682	2474	693	3364	3166	1088	2474
chr6_9891549_9893283	312	277	312	763	590	1040	659	277	1283	312
chr6_13189669_13191918	360	1349	810	360	675	585	630	360	630	315
chr6_14385988_14389078	556	433	1978	2039	494	618	1978	927	680	1421
chr6_14709714_14712617	2148	523	464	581	639	464	523	697	697	2032
chr6_19785849_19787991	386	428	1371	1071	343	600	386	1371	386	514
chr6_20857604_20860692	865	2594	2409	494	2223	1297	1482	1112	803	1482
chr6_21792732_21796501	829	1432	829	2412	754	3543	1357	1357	1131	980
chr6_27773911_27774331	151	134	109	176	160	67	84	193	210	151
chr6_31098930_31102245	1923	597	464	729	928	1459	464	928	1326	796
chr6_36151165_36152322	509	463	162	463	717	162	1527	717	902	463
chr6_37515258_37520041	3922	1818	765	1626	861	1435	1435	1148	1626	1531
chr6_47344561_47348783	1267	676	844	844	1520	760	1435	1267	676	1773
chr6_52924075_52926172	377	1803	336	377	545	503	336	419	336	336
chr6_53346317_53346896	162	290	174	104	104	417	208	93	81	174
chr6_53991488_53993786	781	368	1057	919	1838	1103	597	1655	643	1838
chr6_55823650_55824368	244	172	474	187	158	172	101	402	258	273
chr6_56884515_56888920	1850	2555	1938	1233	2291	2291	2203	1322	1322	969
chr6_60634701_60638266	570	998	1711	856	1711	570	784	1569	998	1141
chr6_65655519_65655628	20	22	22	17	17	39	17	74	50	24
chr6_68908304_68908772	140	103	197	140	94	66	66	159	309	346
chr6_69259184_69264020	1064	2128	774	1644	1934	1064	1161	1064	1257	967
chr6_69506999_69507230	37	51	60	51	69	143	37	51	74	74
chr6_71924482_71929470	898	1796	698	798	998	898	1596	1696	1995	2394
chr6_77141061_77141209	36	47	92	27	24	41	83	44	65	36
chr6_92992302_92992803	170	180	80	130	110	70	70	411	120	80
chr6_95677371_95680232	1087	458	629	858	401	515	4063	744	801	1488
chr6_97306670_97308830	1382	302	346	518	734	432	475	691	302	691
chr6_104943868_104947965	574	737	1885	1065	1475	1147	656	1065	901	574
chr6_110114279_110119035	1522	1332	951	1046	856	4756	1998	1046	1237	856
chr6_113750005_113754554	1183	819	637	728	1820	2547	2002	819	2365	819
chr6_120695400_120698255	971	685	514	971	1028	571	1028	799	1370	628
chr6_120844579_120848099	1126	1056	1619	1971	915	1408	1197	915	1830	1619
chr6_121665698_121669248	1207	639	1065	923	1136	994	710	568	639	1420
chr6_123180801_123182200	560	476	336	392	336	224	196	895	280	783
chr6_127011312_127011620	55	111	105	68	148	333	154	154	117	55
chr6_127787678_127791788	740	740	1480	658	986	822	1480	1973	986	822
chr6_134713471_134715163	474	271	677	406	575	1252	711	812	914	1049
chr6_139904996_139905765	200	231	138	446	200	154	431	246	554	554
chr6_141709013_141711420	385	867	626	385	722	481	385	1155	433	867
chr6_142121894_142124852	1420	1065	710	887	592	710	769	592	2366	769
chr6_145890774_145891522	150	539	479	105	165	165	329	239	180	224
chr6_156876326_156877526	264	216	288	336	936	240	192	336	480	264
chr6_164640942_164644551	3392	505	1011	577	1371	2165	1083	866	1660	650
chr7_2016128_2019548	3352	479	1368	1300	2120	616	1026	821	889	1231
chr7_3845833_3849674	538	999	768	1075	1075	999	1075	845	1383	768
chr7_4725557_4729754	755	2182	1007	923	1343	839	1511	1595	1091	1091
chr7_12508685_12510881	395	307	659	439	966	527	395	483	659	615
chr7_15137293_15138592	598	1195	338	286	286	234	390	727	312	701
chr7_16810109_16810477	96	59	88	132	118	81	191	74	155	81
chr7_20339491_20341582	335	335	460	585	669	335	335	502	585	376
chr7_28969415_28972385	832	653	653	772	1604	950	594	832	416	1544
chr7_29150467_29154369	624	780	936	1249	1951	858	936	624	2341	702
chr7_33615108_33615903	175	286	191	111	159	366	254	143	111	175
chr7_34080042_34082679	527	580	949	1002	633	1160	422	1160	527	2110
chr7_41134131_41137436	1058	529	859	463	2247	1058	529	859	1322	463
chr7_41913307_41914803	329	329	299	928	269	419	688	209	1107	299
chr7_46853050_46854292	373	646	199	472	323	1217	273	273	671	1093
chr7_53266690_53268466	497	568	249	995	746	426	355	639	497	391
chr7_53941755_53942318	146	146	124	124	563	90	248	327	191	225
chr7_58645337_58647141	1082	577	974	1082	325	974	1155	1227	1804	469
chr7_59048762_59052550	758	606	909	985	833	682	1667	909	1894	909
chr7_61443600_61448096	1439	2698	989	1169	629	809	899	1259	1798	809
chr7_67262228_67265365	941	690	2070	1318	627	816	1067	439	1067	502
chr7_73886742_73891728	1097	798	1097	1496	1596	897	1097	1197	1396	2294
chr7_74615360_74617604	2244	359	449	987	853	898	583	494	494	718
chr7_83284162_83286185	405	324	688	526	607	445	405	445	324	486
chr7_85537178_85539636	1327	1622	2458	934	393	934	737	1573	688	1032
chr7_92984331_92987265	469	1232	1643	704	469	822	1232	822	822	939
chr7_95506014_95507004	436	178	297	218	475	277	139	535	337	376
chr7_102099021_102101027	1444	321	481	441	843	361	682	602	522	682
chr7_102139009_102139800	158	158	127	411	158	127	111	158	158	237
chr7_102983054_102984163	333	222	488	333	421	222	643	177	377	288
chr7_104633916_104638330	971	1766	883	2295	1324	2560	883	618	2295	2119
chr7_110102216_110103855	492	361	754	361	721	1344	393	426	590	393
chr7_111241514_111243934	1355	629	968	726	629	1210	532	581	823	339
chr7_112554107_112557483	878	540	743	1215	675	1013	1148	540	1215	810
chr7_113276689_113280322	945	799	3124	2325	581	2470	654	1453	581	581
chr7_115752893_115757021	2147	1734	908	826	908	826	2724	1073	1486	578
chr7_116719548_116723535	718	1515	1595	1435	1435	1515	558	957	1435	1196
chr7_117412560_117414053	299	478	478	717	537	567	299	239	567	239
chr7_121608421_121610545	1232	680	425	637	510	935	2634	1189	425	467
chr7_122272645_122273905	277	554	680	403	227	605	176	176	252	630
chr7_133954117_133955804	439	2159	1350	540	607	675	1451	911	540	709
chr7_134749126_134753883	1998	1047	1522	1427	1047	761	1713	1522	3996	856
chr7_138431142_138435228	2697	899	735	1471	2125	817	1798	2533	735	1553
chr7_139837646_139841395	1050	825	750	825	675	600	975	2174	825	1125
chr7_146232877_146233816	376	244	244	207	357	300	150	150	150	131
chr7_154302435_154303807	357	357	521	302	494	329	494	1015	494	384
chr7_154941536_154942100	451	124	113	113	147	113	147	124	169	462
chr8_254276_257173	985	521	637	521	1564	1275	1680	1796	753	811
chr8_1640608_1643548	470	764	823	2352	1235	470	3646	1470	1000	647
chr8_3608109_3609876	636	389	247	601	459	495	1202	424	601	353
chr8_13076434_13078731	735	827	1240	1286	919	919	827	919	413	735
chr8_18739741_18740931	833	762	762	262	333	405	405	333	547	238
chr8_22424314_22428264	1106	2923	2133	711	790	2212	1343	790	790	711
chr8_29084542_29085964	597	228	313	228	626	284	569	341	683	427
chr8_31801301_31804670	674	606	741	1145	606	3773	809	2224	1213	472
chr8_32463739_32466629	636	520	1792	694	520	636	462	694	751	1098
chr8_34507140_34510518	1081	2365	608	1216	608	2027	743	743	1013	1284
chr8_41268275_41269432	255	417	231	532	324	208	532	440	463	255
chr8_42789955_42794935	2490	1295	1594	896	797	3785	697	1295	896	697
chr8_44440636_44441550	347	420	219	347	201	274	128	475	384	165
chr8_46569490_46574204	1508	1320	1320	1603	1037	754	1791	660	849	1980
chr8_48068789_48069003	47	81	103	51	51	39	60	60	34	43
chr8_48470518_48473859	1203	1270	601	1403	1537	735	2873	668	1270	668
chr8_51430092_51433059	3264	1365	534	712	415	831	831	831	712	593
chr8_53440471_53443107	738	685	2162	527	685	422	1371	844	685	369
chr8_55035910_55036763	495	836	989	444	307	239	307	461	699	205
chr8_55955626_55957767	471	385	471	728	300	557	557	642	428	1028
chr8_56685751_56690368	1293	2124	646	923	1754	1200	1570	1754	1754	923
chr8_64044522_64049159	2504	3710	649	742	1948	927	742	1206	1762	1298
chr8_64721261_64723986	1690	545	654	654	382	1472	1635	491	1145	818
chr8_65774676_65776004	664	292	531	478	398	345	398	637	292	1461
chr8_67676927_67680346	615	547	1162	2325	615	889	1368	684	1846	1436
chr8_76186288_76188875	621	414	1035	466	621	1035	466	466	1345	517
chr8_76280627_76281051	110	144	153	93	93	68	339	68	187	76
chr8_77651312_77654048	657	766	492	657	383	438	657	1477	1477	383
chr8_77959774_77960532	121	152	152	106	637	152	394	288	379	167
chr8_78225755_78228913	695	947	1137	2274	632	442	1137	758	1642	3347
chr8_82608893_82610180	360	566	824	927	335	257	412	232	257	1750
chr8_84880227_84882464	313	492	850	895	358	582	671	1342	403	582
chr8_91230765_91235598	1063	1547	677	1933	1257	870	3866	773	677	1933
chr8_92824692_92827568	518	1265	633	575	460	1265	1783	633	518	2588
chr8_94301890_94304392	701	1051	450	651	2252	1151	851	350	3653	751
chr8_99042882_99044496	452	710	420	258	646	775	226	484	742	1001
chr8_105267862_105271848	1196	638	1674	638	1116	1435	2870	2232	1754	1754
chr8_106168078_106170410	746	606	326	373	560	560	1073	466	886	326
chr8_114454329_114456639	508	693	416	1063	1848	462	508	693	785	370
chr8_114540280_114542743	3153	394	542	493	985	443	1034	591	493	1232
chr8_117195016_117198915	1950	2339	780	936	1560	1092	1014	1014	858	2261
chr8_122439418_122441944	960	606	556	859	2273	1212	1162	859	657	707
chr8_123258756_123261267	703	1155	2059	703	452	452	552	653	502	603
chr8_133790700_133795526	2799	869	676	3089	1062	772	2027	3378	1448	4054
chr8_134777328_134779771	2052	489	1417	635	1075	1026	1270	586	879	537
chr8_135473319_135474763	404	404	318	260	318	982	289	231	578	491
chr8_136664097_136665588	388	1223	268	895	596	507	239	239	686	924
chr8_138490453_138493495	1217	730	3225	1521	1460	426	669	608	913	548
chr8_139250894_139253846	590	768	886	3956	1712	472	768	1122	1417	1948
chr8_142150611_142151139	327	222	232	137	253	180	232	180	359	116
chr8_142604805_142605361	222	334	167	89	423	111	100	145	245	534
chr9_10400869_10405208	781	1302	2170	2603	1475	868	1822	781	1736	1562
chr9_19772167_19774746	671	877	1599	464	464	825	361	1186	516	516
chr9_21436738_21438596	520	297	595	409	260	818	520	520	929	297
chr9_23931364_23932322	192	153	287	287	268	364	153	422	153	192
chr9_24376381_24379505	2249	1500	500	1375	687	562	1312	750	625	687
chr9_26035180_26037123	622	933	427	505	311	544	699	350	389	583
chr9_32861524_32861663	47	36	47	44	19	47	33	56	28	44
chr9_34060236_34061323	457	283	196	304	217	152	174	739	261	978
chr9_42351364_42353546	786	349	873	873	698	524	393	524	393	436
chr9_42645793_42650216	885	1681	1150	619	1769	2477	1504	1238	2035	885
chr9_43586091_43586520	180	223	129	189	69	189	112	163	94	103
chr9_43870189_43873300	560	436	2302	871	3360	1120	747	436	809	1244
chr9_44223793_44225936	514	600	343	686	429	1243	471	429	814	429
chr9_45453036_45454524	417	774	387	387	238	1726	327	238	565	982
chr9_68621511_68624623	1307	809	560	560	2490	622	871	498	685	809
chr9_71428300_71429997	441	916	577	577	441	407	272	577	373	645
chr9_79764995_79768417	1437	616	548	1300	548	1574	753	684	1643	1916
chr9_80672554_80677425	1072	1948	2241	1266	779	3312	1851	1948	2825	1072
chr9_84389334_84390635	182	781	520	208	598	937	312	494	442	468
chr9_88205500_88209875	1838	1488	875	2275	2538	1313	1575	1225	963	2800
chr9_88708315_88712627	2760	2501	776	1121	1811	1121	690	949	2587	949
chr9_104075448_104077599	602	473	473	559	387	1592	688	430	731	1420
chr9_110537940_110542521	1649	825	1832	825	1466	1008	1649	2657	2199	641
chr9_112775392_112777093	238	885	340	272	1089	442	374	510	1225	544
chr9_116737772_116739686	459	306	574	919	306	1416	612	459	268	345
chr9_122144458_122145192	235	176	851	543	147	235	132	279	1189	117
chr9_133743709_133746321	627	470	836	731	470	522	993	418	784	1202
chr10_6383905_6387876	953	794	1271	1350	1032	1191	1747	1350	1112	2939
chr10_8843973_8848253	856	1370	770	1284	1113	770	685	1969	1284	599
chr10_9558473_9563467	1798	1099	1898	699	2597	2197	4495	999	2097	899
chr10_10106405_10110879	716	1432	984	1521	1342	716	984	2953	1790	805
chr10_13967360_13967864	484	111	131	202	192	121	71	111	373	242
chr10_16145442_16146014	320	595	126	229	183	412	103	126	149	252
chr10_17428810_17433389	733	733	1191	916	641	1465	1374	2290	824	3297
chr10_21004308_21006148	1546	368	405	736	294	994	1141	662	957	994
chr10_23516818_23517799	275	314	196	216	353	432	235	451	216	157
chr10_25501938_25502672	308	191	132	132	279	206	147	235	191	103
chr10_29108512_29110967	393	3044	884	393	2062	1228	933	344	982	1178
chr10_30327866_30332843	2389	896	1294	995	995	1493	1095	1991	1294	896
chr10_31300898_31305171	769	1966	684	1026	1026	855	2478	1966	1196	684
chr10_34526830_34530805	716	716	2147	875	3021	1193	1193	2942	875	1431
chr10_40895091_40898214	687	1437	2873	437	937	562	1437	1312	500	1312
chr10_41339670_41340623	248	152	191	534	229	229	553	248	381	400
chr10_44257053_44258432	1517	359	386	524	1269	276	276	193	276	441
chr10_47384948_47389798	2134	1067	970	1358	970	2522	2522	1164	776	1261
chr10_47398469_47399340	174	244	174	871	139	314	174	523	470	261
chr10_48740121_48742407	320	549	366	640	777	777	549	1234	1052	411
chr10_57473867_57476141	364	364	682	318	1546	682	455	546	819	955
chr10_57713835_57715029	430	549	191	478	1481	167	358	669	215	215
chr10_61077463_61079333	337	374	299	337	561	337	935	299	411	1720
chr10_61454362_61456455	544	795	753	544	377	712	460	419	921	419
chr10_61795434_61796263	348	199	216	663	547	133	249	116	282	315
chr10_62539341_62541420	790	1164	665	832	333	832	416	457	333	1247
chr10_63771952_63772451	110	160	130	160	110	120	80	160	150	100
chr10_67384856_67386068	194	364	170	218	242	606	582	1236	194	364
chr10_71699863_71701025	279	372	442	442	720	349	232	349	186	209
chr10_81905028_81906370	215	1530	242	188	617	403	671	268	215	429
chr10_95077930_95082072	1740	4308	1243	746	663	2071	994	1491	580	580
chr10_96757769_96762005	762	1440	1610	678	2880	1186	762	1779	678	1440
chr10_98551991_98553726	729	312	1006	590	590	694	382	902	312	451
chr10_99972579_99974069	536	328	745	328	894	328	1043	209	238	298
chr10_100370586_100373363	1500	666	833	1166	889	444	778	1722	1222	1111
chr10_103773227_103774343	201	469	268	469	223	647	223	223	491	179
chr10_104358849_104361166	1298	371	371	371	371	602	463	695	1066	417
chr10_111223621_111226128	1003	552	852	702	401	602	501	752	1354	401
chr10_114087217_114091333	1976	1399	741	823	1317	659	906	988	1235	823
chr10_117220581_117225086	1892	721	811	1982	721	1622	631	991	2883	1171
chr10_126560962_126563410	881	1273	685	490	734	783	392	588	1273	2448
chr10_127308085_127310278	395	307	789	614	965	1842	307	307	570	439
chr10_128543846_128544489	103	141	154	90	116	167	347	90	373	167
chr10_128877196_128879628	340	778	1556	535	876	827	1021	438	1459	1265
chr10_133506074_133509919	2076	1461	1384	846	923	1538	1230	1230	1384	615
chr11_1526594_1529134	610	457	762	559	457	2134	762	406	914	457
chr11_3195251_3196033	282	172	438	125	125	282	188	188	109	250
chr11_4687780_4689235	291	262	262	466	349	349	524	524	466	407
chr11_9716700_9719161	1280	788	394	541	1329	394	984	1231	394	443
chr11_10672886_10675468	1807	516	361	413	930	878	671	826	671	671
chr11_11810746_11813460	597	977	1466	923	651	977	1086	543	760	1357
chr11_14124674_14126571	531	607	1176	1024	645	1024	759	911	304	1556
chr11_18926871_18928822	312	468	546	780	585	390	780	1093	741	273
chr11_20933458_20934787	239	452	452	239	797	292	266	425	346	452
chr11_23865057_23866133	280	1119	495	366	172	172	323	301	194	151
chr11_25380194_25384626	1064	1418	2039	1684	1241	798	1241	3368	2305	2039
chr11_25486647_25490586	709	709	2679	630	1024	630	1733	630	709	1418
chr11_25621240_25622354	178	379	245	245	223	1470	446	646	312	646
chr11_30447567_30448602	186	207	331	269	186	166	331	186	538	248
chr11_32745647_32747214	784	345	282	251	533	595	439	752	345	313
chr11_36355500_36358462	1540	770	711	1126	1126	711	2310	1066	1126	711
chr11_37192847_37197777	789	2761	1282	1085	1380	1085	986	2169	1183	887
chr11_38354408_38356239	403	549	366	549	439	366	586	366	586	586
chr11_44154507_44159043	1270	726	816	2540	998	3084	816	816	907	1724
chr11_45572990_45576121	1252	438	3194	1065	751	501	689	751	814	564
chr11_48205022_48206899	338	751	563	826	488	826	939	300	263	375
chr11_50347355_50350398	1095	669	548	2434	1522	1582	669	487	913	852
chr11_51388953_51392681	522	1789	1044	1491	746	746	1342	746	1268	1789
chr11_52264510_52266960	441	539	392	343	343	784	1029	784	392	392
chr11_52491229_52495641	618	1059	2912	1059	3883	706	794	1059	2824	971
chr11_52738474_52738670	67	59	82	129	27	55	43	59	35	67
chr11_59882953_59884555	384	481	352	384	224	449	801	288	256	256
chr11_64465887_64469817	2044	1886	1336	1886	1258	707	1415	4244	550	707
chr11_72255547_72258934	474	542	1287	677	948	745	1490	1558	745	1761
chr11_75752467_75753662	191	263	191	167	215	1052	598	359	430	239
chr11_82052296_82054459	606	519	389	779	865	389	433	562	865	519
chr11_84785578_84788461	634	461	865	807	461	519	980	634	461	461
chr11_89229565_89230564	200	140	280	340	160	699	200	260	220	340
chr11_90347010_90351306	687	1718	1203	1547	945	1289	3437	773	2406	945
chr11_95523201_95525391	1883	1051	394	350	788	1139	482	788	701	350
chr11_99550831_99555583	1331	760	2756	855	1616	760	2471	665	3421	1616
chr11_101413675_101416784	1679	560	560	1617	1928	1306	497	995	1679	560
chr11_102483610_102484648	498	249	374	727	457	955	166	187	187	934
chr11_105369505_105374347	1162	1937	7457	775	775	2712	2518	1356	1356	1937
chr11_110027761_110032453	2252	1408	2252	3847	751	1220	3097	2440	1877	3660
chr11_111572723_111575472	880	605	2749	2034	440	1155	880	825	550	440
chr11_113847245_113850497	520	715	650	1431	455	520	715	520	2211	2602
chr11_116189792_116192570	389	778	667	778	667	500	1556	500	1445	1445
chr11_121767416_121770719	727	1784	727	727	2312	727	727	528	925	727
chr11_127621351_127625604	1106	851	1531	936	1106	1361	936	2041	680	680
chr12_489482_492123	370	1268	845	792	475	423	1479	528	687	4278
chr12_2311847_2313931	917	625	750	458	375	333	1084	750	834	667
chr12_3663486_3667672	586	1674	837	586	1088	1926	753	1926	1423	1674
chr12_7257331_7259813	447	1042	794	397	993	2333	596	894	1042	745
chr12_10367562_10368990	400	400	457	257	286	286	428	486	771	343
chr12_17195734_17198025	412	871	1054	550	779	367	458	412	825	1787
chr12_30210092_30210924	216	383	183	516	133	166	349	266	699	166
chr12_30999853_31004328	2327	895	1253	2327	627	716	985	1432	716	1522
chr12_33026348_33027939	255	414	414	414	286	223	318	414	318	414
chr12_33108588_33108877	58	168	127	58	64	92	179	116	52	87
chr12_34358266_34362357	1718	1636	1882	1800	2455	982	655	982	982	1555
chr12_35460222_35461570	620	377	431	216	701	566	243	324	377	890
chr12_36010676_36012150	265	383	354	678	590	708	737	619	678	295
chr12_38407398_38407661	84	37	42	42	74	53	37	110	63	63
chr12_39207446_39207958	154	102	154	174	154	379	174	154	440	451
chr12_44866658_44869829	888	698	1332	571	1776	3044	698	2981	1268	444
chr12_46623782_46626771	1435	1196	598	897	837	897	598	1196	1315	658
chr12_49377951_49382338	1843	1755	2194	614	1492	3071	2895	1228	965	614
chr12_54724107_54726276	477	1475	694	1041	781	390	1041	434	304	868
chr12_58599844_58602547	1081	2595	1027	1081	432	1135	432	2271	432	1568
chr12_59361410_59364826	1503	888	752	1435	820	615	1845	1093	2255	888
chr12_62162578_62164059	296	267	622	355	504	207	296	237	415	267
chr12_63297977_63298906	502	242	316	130	223	427	390	186	316	334
chr12_65846147_65848443	1148	413	918	597	1148	689	1286	1699	1102	918
chr12_66962534_66966204	661	881	807	661	1688	3964	1468	734	1688	661
chr12_77110855_77111359	91	91	202	262	111	192	212	81	282	81
chr12_77160026_77162107	1041	708	1415	416	291	333	375	458	957	874
chr12_77339106_77343297	838	1341	1425	754	671	1928	754	1257	1676	1509
chr12_77652738_77654530	645	681	430	1111	358	358	251	287	968	251
chr12_78350102_78351966	895	596	932	373	1193	969	1230	336	559	596
chr12_81912908_81913648	133	237	252	296	814	118	252	104	355	237
chr12_83038801_83041994	2746	830	702	1086	1660	830	1341	447	511	447
chr12_83851280_83852868	381	222	667	635	1239	2033	254	540	254	318
chr12_88564561_88566981	678	387	774	678	484	678	581	871	1065	1404
chr12_90409098_90413410	776	1639	1380	3363	1552	604	1811	1380	2070	1639
chr12_97415121_97416600	1361	237	503	385	237	207	1094	266	385	237
chr12_99424175_99427248	738	1721	492	676	676	860	615	738	1414	1475
chr12_99683480_99687067	933	502	502	1220	861	574	1076	1004	2367	1435
chr12_99862786_99866780	1598	2796	1038	1358	1757	879	1038	1118	1278	1598
chr12_104676860_104680883	1126	1126	805	2736	885	1368	2414	1690	1931	644
chr12_106747869_106749926	329	453	329	494	823	411	741	576	494	617
chr12_119189292_119193051	752	677	2105	1278	2706	3759	1504	1278	2631	4060
chr12_124753161_124758045	1368	2735	977	3614	879	2930	684	879	2051	1563
chr12_132556516_132557656	274	1094	228	342	547	798	251	205	365	274
chr13_19022910_19025073	476	519	519	606	389	303	649	476	606	908
chr13_22114545_22117426	1095	1786	576	807	980	980	1037	691	807	864
chr13_26707161_26709212	328	820	1600	533	492	1846	615	451	533	615
chr13_28833330_28834661	399	266	453	213	293	213	293	745	559	266
chr13_33269652_33271039	222	999	250	333	305	222	250	250	444	666
chr13_35332233_35332410	304	74	85	71	53	74	60	92	32	39
chr13_37150988_37153303	370	926	1111	1204	463	1065	602	695	602	1204
chr13_44856560_44858395	514	551	1248	294	330	257	844	294	367	404
chr13_45080777_45082048	229	381	330	229	203	407	203	890	305	458
chr13_45617795_45618733	338	206	244	225	188	600	375	150	507	469
chr13_46759185_46761169	1587	317	833	794	556	1151	675	357	1746	1151
chr13_49958871_49962128	782	521	1042	1303	2736	456	912	651	651	586
chr13_50508952_50510873	346	346	307	423	307	1153	1229	1037	922	423
chr13_50741292_50745641	1914	2261	957	2522	1218	696	1305	957	1218	1566
chr13_55416141_55420658	1174	1265	1084	994	2078	994	1265	903	1084	632
chr13_57351806_57353962	647	345	1164	604	776	733	561	604	561	690
chr13_58474733_58478904	1835	2419	584	2419	918	834	1418	834	667	2169
chr13_59966816_59968900	584	417	292	792	1375	375	1334	875	709	1375
chr13_61981922_61982593	134	107	201	322	174	161	134	242	174	161
chr13_63973503_63973841	47	68	61	61	216	115	61	68	135	61
chr13_64488422_64492704	1370	1456	2398	685	1713	1285	2141	1199	599	1285
chr13_69854261_69855903	296	394	263	296	690	1084	558	427	263	854
chr13_70034027_70038930	784	883	686	784	1373	981	3236	1471	1275	784
chr13_71243869_71248382	1986	993	2347	903	1444	2708	812	1083	812	1083
chr13_73314833_73318481	876	584	730	1751	730	1751	1167	2262	1021	657
chr13_74319165_74320591	399	371	228	285	570	456	684	799	314	599
chr13_74328682_74331022	983	655	515	374	1030	562	421	1217	421	1264
chr13_77550046_77550827	250	109	172	281	375	234	219	406	469	156
chr13_79794306_79796665	708	425	425	802	425	1463	377	2076	708	755
chr13_81779490_81783931	622	2842	2309	711	2221	1421	888	3553	711	1332
chr13_82006028_82007165	387	227	159	227	819	1182	159	569	955	250
chr13_82902752_82907534	1530	765	2008	1148	2582	2008	1052	861	1626	956
chr13_83284886_83289173	686	2915	857	1029	2915	1543	943	1029	772	943
chr13_83411447_83411690	68	87	63	39	83	63	34	39	49	68
chr13_84415034_84419943	1080	2258	2258	884	5793	2258	785	1178	2160	1473
chr13_84444926_84449045	741	2883	989	1483	1977	1318	659	1153	2719	2224
chr13_88069531_88071724	439	1316	2018	789	658	746	789	482	1316	351
chr13_90111602_90114186	982	517	568	1395	568	465	1189	1292	568	879
chr13_93441382_93444971	718	502	1651	502	790	1436	1148	1364	502	1723
chr13_96085492_96090423	1183	1085	986	1972	986	1085	690	1972	2268	1775
chr13_96333448_96337393	710	868	2525	2051	631	1184	1578	1026	710	1657
chr13_97757659_97760912	1561	846	455	1431	716	1366	911	781	2147	1496
chr13_98311997_98314576	567	1032	2063	619	722	1186	464	516	1290	3146
chr13_100252074_100253345	763	203	330	585	229	661	1398	280	203	330
chr13_103640543_103641180	178	166	153	280	140	166	166	102	191	510
chr13_104399686_104404657	1790	2486	696	5866	2287	1690	1292	2088	895	1094
chr13_105251182_105252384	240	457	793	192	264	361	697	264	553	192
chr13_109022305_109024645	328	421	983	655	1264	1170	468	1217	515	328
chr13_111420938_111421965	452	164	267	781	329	308	246	226	226	616
chr13_113396326_113396736	361	123	90	303	82	517	131	107	115	139
chr14_23588755_23591935	2226	700	827	1081	636	572	1590	1844	954	636
chr14_23802406_23804237	2197	439	696	1465	256	1062	586	403	732	476
chr14_26538788_26540574	536	1107	357	464	536	321	250	357	321	1036
chr14_30547974_30550763	1506	1339	669	2566	558	446	1673	390	502	1450
chr14_32659490_32662192	1621	703	703	432	486	486	2270	703	378	594
chr14_33098996_33099536	108	76	378	97	270	227	119	86	292	205
chr14_37601747_37603504	387	387	281	1511	527	246	281	281	984	492
chr14_37945198_37947793	571	1038	727	363	1817	571	519	882	571	623
chr14_42432717_42435417	648	1080	648	810	756	594	378	1026	1242	810
chr14_46901353_46904107	1377	1377	991	496	1102	606	771	1542	716	551
chr14_50486754_50487301	142	77	306	98	416	208	109	88	416	438
chr14_50767919_50769276	1248	299	868	597	299	624	543	271	244	407
chr14_51307521_51308665	206	252	366	229	229	412	458	343	206	320
chr14_54180126_54180922	127	191	175	191	255	939	302	509	127	111
chr14_55018280_55020686	674	866	1299	1299	962	1203	2117	818	722	1059
chr14_57940826_57941934	222	576	288	266	244	222	244	576	288	266
chr14_60740676_60745357	1030	2341	843	1592	3277	843	1217	1685	1966	1123
chr14_67532733_67533216	77	135	213	444	77	145	213	145	261	184
chr14_69597486_69601159	808	1396	955	1396	1249	1102	2498	1396	1249	1763
chr14_70143638_70148364	1040	1985	1512	662	2174	945	851	1607	1040	1323
chr14_71000255_71004690	1242	976	2750	2040	976	1064	2395	798	798	3371
chr14_71938324_71942389	894	732	1220	2195	1301	650	569	1951	1138	1220
chr14_73311286_73312909	584	1493	454	260	617	422	292	454	422	552
chr14_73747706_73752586	3318	781	2245	1171	1659	1366	1366	1366	1366	976
chr14_77621164_77625996	1063	2126	2706	2319	6958	1643	1063	966	1546	1160
chr14_78873963_78878507	727	1454	1454	636	3453	909	1272	909	818	3363
chr14_81930825_81934838	1124	1204	963	803	1204	642	642	1926	803	883
chr14_83349418_83350238	935	279	148	197	197	180	295	312	197	410
chr14_85184213_85185174	404	250	384	231	269	327	154	538	288	653
chr14_85216859_85221779	1181	886	984	1082	1082	787	1082	787	1476	1673
chr14_85664138_85664553	141	191	174	75	307	141	116	75	174	241
chr14_89472965_89473273	123	129	105	55	55	136	68	49	111	62
chr14_98197852_98198709	223	274	171	120	257	617	206	189	411	154
chr14_105987955_105990645	484	538	1506	699	968	861	646	1130	915	430
chr15_21336816_21339396	929	1445	361	1032	361	826	413	413	413	877
chr15_23738110_23742292	2091	920	1087	1087	585	2007	836	669	1171	669
chr15_28287969_28291882	1252	1409	1722	2113	1096	626	2270	626	1017	1722
chr15_29071134_29072025	125	267	267	160	766	392	356	214	374	285
chr15_30434237_30434425	98	26	53	86	75	56	49	68	158	30
chr15_31251121_31255351	846	6091	761	1354	846	931	1354	1100	677	931
chr15_43898131_43898948	229	621	245	147	229	931	180	114	163	294
chr15_45980810_45982756	350	739	1051	895	1362	467	973	1168	856	311
chr15_47709551_47714151	736	1012	736	736	828	1288	920	1012	920	828
chr15_51525084_51529248	2165	2832	1499	1166	1416	666	1749	1666	916	1582
chr15_52984416_52988114	961	1257	1775	1331	1257	961	1257	1627	1257	814
chr15_54720241_54723473	1422	2521	970	452	970	1099	711	2262	517	970
chr15_55821854_55823996	428	1285	386	471	428	771	386	471	685	514
chr15_61529456_61531836	1047	571	524	476	524	1000	904	333	619	714
chr15_61577133_61579004	412	299	299	599	337	262	374	1272	524	412
chr15_66392838_66394959	297	467	424	339	679	424	721	764	1188	297
chr15_68167979_68172154	668	752	2422	1169	3257	3507	1503	2923	1002	2672
chr15_68964496_68965138	501	141	193	270	282	218	193	193	295	141
chr15_69315966_69320705	948	1611	1801	1611	758	1516	853	1706	948	1611
chr15_74793659_74796387	1091	491	655	1964	709	1200	655	1528	709	818
chr15_74883185_74883845	92	264	713	422	145	422	106	119	145	106
chr15_75376640_75379901	783	1239	783	587	1500	1631	587	587	717	783
chr15_79110012_79114193	1087	1087	2676	1003	2174	753	1672	1254	1422	1422
chr15_79533835_79538620	2488	957	957	2393	957	5551	766	1340	1627	1723
chr15_80641739_80645447	667	1483	1780	667	1335	3115	519	4005	519	1261
chr15_83932183_83933938	632	527	702	527	281	842	456	316	281	421
chr15_85011773_85016586	770	1155	674	1829	3754	1829	1733	2118	866	2118
chr15_85407010_85409388	761	999	1094	2473	1379	666	428	1474	809	380
chr15_90171992_90174914	1286	468	818	584	526	584	877	818	1227	584
chr15_92493766_92493944	43	53	39	93	36	100	46	43	32	121
chr15_94133877_94137020	1069	1509	1634	1383	1446	2829	629	503	1509	880
chr15_99093867_99095112	324	249	349	274	174	523	498	299	349	224
chr16_6223896_6225832	1200	736	774	310	348	271	426	1239	736	929
chr16_9361616_9361745	80	26	18	26	54	67	70	39	34	70
chr16_9719202_9719709	81	183	203	324	142	213	142	152	213	122
chr16_12298286_12300449	735	389	779	908	865	433	303	346	865	779
chr16_14381886_14384644	552	496	2151	441	1765	662	717	1048	938	552
chr16_14456512_14459511	480	720	1020	720	1679	420	600	720	900	780
chr16_17142645_17144192	217	278	371	278	1052	464	248	340	278	681
chr16_17519365_17523880	1084	1084	993	993	3522	1084	1535	2438	2438	1264
chr16_18213885_18215091	265	724	1110	555	603	169	362	507	917	193
chr16_23400986_23403624	2216	844	844	844	633	528	897	791	580	686
chr16_28693399_28698176	764	1433	1338	1051	1146	1051	1242	2389	764	955
chr16_31242539_31247333	1342	1342	1151	1534	2301	863	1822	959	863	1630
chr16_36719974_36723073	744	496	806	434	496	1302	1921	744	3905	496
chr16_47068596_47068990	71	142	71	189	126	102	142	260	252	268
chr16_47924428_47927069	1215	1215	528	845	739	581	792	1426	687	370
chr16_48864983_48867470	448	945	647	995	945	497	547	1741	398	895
chr16_50566839_50570197	1679	1142	1478	2888	537	1007	873	2015	940	873
chr16_53505098_53508688	646	2441	862	1077	1005	933	646	1651	646	933
chr16_56038194_56041694	1190	560	560	1960	560	560	1610	1890	840	1050
chr16_58030374_58035190	771	771	1830	1445	1252	2408	1252	1156	1060	4045
chr16_62471793_62472875	216	433	151	519	476	195	173	671	281	433
chr16_62978532_62981226	593	1024	377	431	647	1455	431	754	1401	1024
chr16_69616415_69617312	305	161	359	126	269	466	251	449	592	179
chr16_73982021_73983732	376	513	376	445	582	342	616	274	684	445
chr16_78678467_78683367	2058	882	980	1176	686	882	2058	2744	882	2254
chr16_81554075_81557164	680	1112	803	680	988	494	618	2965	432	494
chr16_83150523_83152487	275	982	1061	1100	903	432	275	354	432	746
chr16_85457745_85458881	204	250	341	568	613	250	182	386	182	182
chr16_86324589_86328304	1115	594	743	669	1486	1412	743	594	669	817
chr16_86557708_86561553	769	1846	2384	1846	923	846	1923	1000	1307	923
chr16_86588778_86589452	243	162	162	445	135	243	216	270	175	108
chr16_86783990_86786451	689	443	394	492	541	394	492	1181	1673	394
chr16_89410081_89411251	187	211	538	281	187	257	515	398	538	281
chr17_81738_84335	675	467	1143	779	519	987	623	467	623	623
chr17_267671_271492	1528	764	841	1146	841	688	1452	1376	841	1299
chr17_1306629_1308233	321	1187	1347	257	642	321	513	513	417	449
chr17_2883116_2886318	768	1537	1729	640	1409	576	897	1473	2113	704
chr17_11399470_11403190	1042	1488	2381	595	744	670	2530	893	670	1414
chr17_14981927_14984781	457	457	514	628	1941	457	1199	3139	799	400
chr17_15076202_15079119	817	758	700	1575	467	642	583	700	933	1925
chr17_17107644_17109171	336	1008	672	214	886	336	855	244	336	275
chr17_17738105_17740479	380	522	950	807	380	855	475	617	380	475
chr17_18912843_18914384	1849	370	277	308	308	1017	555	586	678	555
chr17_20677304_20681221	3682	1802	548	2115	1959	2115	705	1645	627	627
chr17_22325815_22326389	310	218	172	103	138	126	126	115	138	92
chr17_23329204_23333186	637	1274	637	876	956	1832	637	1513	557	717
chr17_23981923_23982931	302	242	161	181	706	363	504	282	202	423
chr17_25442464_25445948	1115	906	976	1812	836	697	2230	1045	1463	2996
chr17_25536733_25536924	38	31	73	34	46	53	53	61	69	187
chr17_26598174_26602517	869	1303	1303	869	1129	4604	1129	695	1737	1911
chr17_29897359_29897809	153	288	81	81	108	189	72	108	171	144
chr17_32502708_32503610	162	902	271	307	180	253	830	307	144	253
chr17_33654904_33659095	1257	1257	2347	587	1257	3018	2012	3101	587	838
chr17_34543016_34547220	1009	1093	925	2102	841	841	673	841	841	1009
chr17_39394213_39396671	1082	1180	393	1131	442	393	344	934	393	639
chr17_39592800_39597116	1899	950	1036	691	777	777	1036	5093	2072	691
chr17_46991426_46995063	2691	873	727	727	727	2473	1164	873	1091	873
chr17_48239853_48242860	782	1022	1504	1443	481	782	902	2827	722	4511
chr17_49658463_49660896	341	1119	535	633	1217	1411	876	730	1217	827
chr17_52457374_52458571	622	982	359	407	287	168	215	1197	239	311
chr17_52708054_52709914	409	260	335	484	670	484	409	1376	409	670
chr17_55203632_55203924	111	105	64	76	53	117	123	105	134	88
chr17_55219926_55223777	770	1232	2542	1001	1232	847	616	1463	1232	924
chr17_55462779_55467036	1022	1107	766	681	1107	2214	3406	1022	1192	681
chr17_57027445_57027547	24	16	47	16	16	18	20	18	61	18
chr17_58880374_58881271	682	161	179	179	197	377	395	431	144	574
chr17_69886096_69886651	377	466	100	167	311	89	233	78	444	167
chr17_71235163_71235777	381	368	270	319	184	270	196	123	135	135
chr17_77342576_77346953	613	1226	963	788	1401	2539	2276	1313	1050	2189
chr17_78034743_78037034	367	367	871	779	733	321	596	687	687	504
chr17_79995299_79997864	359	1590	1231	1129	1026	513	1488	667	1283	923
chr17_80378824_80379247	85	68	68	93	118	254	135	254	152	178
chr18_764546_769429	1953	879	879	1367	879	781	781	1856	977	1660
chr18_7547190_7551523	2600	867	953	1040	1387	1213	3206	1040	1473	867
chr18_7878689_7882524	2301	1074	1381	767	2071	1151	1457	690	1227	2838
chr18_9044147_9048454	689	2154	2240	2670	861	1034	2240	689	2498	2326
chr18_10305580_10307833	676	811	496	451	451	586	406	360	721	360
chr18_11837738_11840834	433	929	557	743	867	743	619	495	1362	495
chr18_12529817_12534176	872	610	1133	2441	2964	3138	2092	1918	2180	1395
chr18_14491172_14493656	546	1490	1689	1838	546	3676	348	1391	646	1043
chr18_16601757_16604956	1536	1280	448	832	640	2431	576	512	704	2047
chr18_18218548_18222113	998	499	713	642	2638	713	927	1141	927	499
chr18_18940508_18944187	809	1987	1619	1840	1177	1619	515	1177	3973	1177
chr18_19454108_19456525	580	1112	773	435	628	532	435	1499	580	918
chr18_20303538_20305720	393	1135	1047	349	436	436	786	349	786	436
chr18_21742952_21744208	477	402	1130	226	327	301	327	276	176	377
chr18_23048669_23049889	878	488	415	805	220	415	268	244	195	537
chr18_25275905_25277439	337	460	890	276	614	368	1166	920	491	491
chr18_26261758_26264878	437	3432	1498	1373	2371	562	686	749	811	562
chr18_27461391_27465196	1826	2740	913	533	989	837	761	1522	609	1598
chr18_28452144_28453954	398	253	941	507	652	543	615	615	326	290
chr18_30322193_30325751	2206	1139	2206	712	854	569	3558	925	498	783
chr18_36469553_36471104	589	341	589	248	465	558	248	869	403	620
chr18_36628840_36632708	1006	696	1315	696	1006	2243	1625	1934	1238	619
chr18_37407446_37408718	254	432	458	229	254	305	229	254	560	789
chr18_43233712_43237348	582	509	654	509	1236	873	1382	1527	1382	2036
chr18_43499914_43500535	112	174	397	174	112	435	248	236	248	112
chr18_44838983_44839229	108	34	69	64	64	39	49	108	39	54
chr18_46563546_46564349	112	514	353	337	177	803	353	193	193	273
chr18_51425810_51427361	434	1086	651	1241	1179	341	372	496	372	248
chr18_51479519_51482034	805	704	1157	1509	503	704	1006	855	503	553
chr18_52789020_52793391	2623	2972	1661	787	612	962	699	962	2273	874
chr18_52855298_52858461	633	506	633	949	506	886	696	949	822	759
chr18_54119975_54123657	663	1694	663	810	884	810	663	515	810	1031
chr18_63872740_63873105	139	139	88	66	336	58	146	102	73	66
chr18_66451543_66452790	524	200	249	299	200	349	399	873	274	923
chr18_67104913_67107568	478	2283	797	1168	1168	478	1381	2390	2655	956
chr18_70069799_70072822	605	484	1995	1149	605	544	1330	1209	1270	484
chr18_71071842_71074803	474	533	888	2132	415	533	415	533	829	474
chr18_71977014_71981361	869	696	1217	869	1217	1304	1217	2174	1826	956
chr18_73283816_73287970	831	2243	1246	914	914	1163	2077	1246	1329	748
chr18_73966254_73970786	2538	1632	1088	634	816	3354	2538	906	1088	2447
chr18_74843379_74845651	863	409	818	500	364	364	409	1908	545	636
chr18_75533997_75534564	363	147	91	102	170	306	79	147	102	567
chr18_77187007_77189854	1480	911	1424	1480	911	512	399	456	854	569
chr19_770532_771236	338	141	113	831	155	155	127	268	591	141
chr19_3073817_3077673	694	925	694	1311	1542	617	848	1774	2236	848
chr19_5643392_5645221	366	841	1902	402	951	256	293	951	988	366
chr19_7172858_7174091	173	296	197	690	321	173	1307	222	247	271
chr19_9312711_9313873	349	256	883	256	465	325	209	163	209	535
chr19_14486776_14487929	184	530	876	300	161	484	277	184	438	369
chr19_15155231_15157024	2295	574	825	287	932	466	430	538	323	825
chr19_15477518_15478606	174	631	261	653	740	261	370	218	218	196
chr19_20692474_20693773	546	779	182	390	234	494	208	312	416	390
chr19_21511997_21515984	1356	558	957	957	1116	1037	638	1754	718	797
chr19_22200786_22201548	152	335	122	122	198	137	107	503	152	137
chr19_23936692_23939575	980	404	692	807	577	1614	1038	1614	2191	750
chr19_24021647_24025696	1053	2672	1377	1620	1620	2105	2186	3401	1296	648
chr19_24119636_24123270	945	581	1526	1381	872	654	799	581	1672	1090
chr19_25275468_25279020	1208	1705	2700	568	852	1350	710	639	2202	639
chr19_25740543_25741932	222	389	278	417	306	389	306	222	306	278
chr19_26612599_26614002	645	281	421	281	786	421	393	1459	1431	224
chr19_27060180_27063810	581	1597	1089	581	1379	1379	1089	653	1089	1089
chr19_27426829_27427323	79	316	247	158	237	247	69	158	119	119
chr19_29004665_29004848	29	29	66	33	33	40	29	33	44	88
chr19_29185698_29190627	1972	1084	789	1479	3352	1774	887	3549	1972	887
chr19_30447393_30451005	867	1156	1084	1300	795	867	1589	722	650	3468
chr19_30772271_30774276	762	842	441	481	521	3248	361	1684	1724	321
chr19_34773631_34774666	373	662	269	248	559	145	207	186	166	228
chr19_36868432_36870614	1178	1833	305	742	1396	524	873	1091	1571	786
chr19_42118988_42119867	193	281	246	193	281	211	334	404	141	141
chr19_42455178_42456566	527	416	444	389	305	389	333	222	305	416
chr19_46431025_46432184	278	209	533	232	394	232	301	232	209	626
chr19_48409165_48410659	269	687	867	359	239	209	508	657	717	508
chr19_49073550_49075565	282	322	1128	484	766	403	363	484	322	1128
chr19_52536705_52539797	495	1608	495	618	433	1979	1360	742	1732	742
chr19_52830573_52835282	4426	1884	1507	2260	2355	1507	2260	4426	2825	753
chr19_55127104_55129201	587	461	1049	377	461	461	377	671	629	629
chr19_56308896_56310083	712	712	712	309	427	214	285	1828	214	261
chr19_57027137_57029045	1068	534	611	534	305	649	343	382	611	458
chr19_57658240_57662659	1856	1237	1326	2033	1679	1237	4507	1944	2563	972
chr19_58110130_58111721	445	286	796	827	223	445	255	223	414	1209
chr20_629113_630264	299	691	368	437	460	691	184	161	391	529
chr20_1498918_1502050	1065	438	689	501	501	1002	689	501	752	438
chr20_2285796_2290569	955	955	1814	1718	1241	955	955	859	859	955
chr20_3857946_3859054	532	244	288	532	421	310	155	177	310	266
chr20_6782689_6785620	2403	469	821	469	879	2110	586	645	703	1466
chr20_6986536_6991002	2322	1161	715	1072	893	6163	2680	4466	1518	1608
chr20_8411116_8415077	2218	1109	3090	1188	1030	555	1822	3723	1426	1426
chr20_9230497_9232881	763	668	524	906	668	763	954	429	668	763
chr20_9717800_9722362	1095	730	730	1004	1369	912	3102	730	3193	2281
chr20_10838591_10843580	698	2594	698	2395	1796	698	1297	798	3592	798
chr20_11081918_11083262	188	403	780	269	618	215	349	349	215	269
chr20_11485109_11486231	471	404	180	292	808	180	337	314	202	404
chr20_12039642_12041616	1145	434	553	395	632	434	395	1066	355	316
chr20_14171645_14173943	460	643	460	827	1425	919	597	414	460	597
chr20_14354402_14358655	1276	680	851	1021	1276	1191	1276	766	4508	851
chr20_14466424_14471086	3730	1305	1305	2984	1492	3916	1026	653	1492	653
chr20_15497924_15499176	1427	451	451	326	250	175	200	1177	200	225
chr20_15568919_15569507	306	94	212	223	165	212	470	94	165	212
chr20_16395796_16398137	375	655	796	375	655	468	515	890	1077	468
chr20_16707696_16711752	1622	811	1622	1217	1622	2028	973	568	730	1298
chr20_18700013_18704924	2259	2947	1179	2161	2947	2357	5206	884	688	1866
chr20_19179488_19181309	291	437	401	583	510	473	437	947	1202	510
chr20_19725741_19727705	1021	982	393	550	707	393	354	589	432	746
chr20_22136664_22139462	672	448	2518	560	951	616	839	1791	672	504
chr20_27209692_27212926	647	517	970	3040	1100	1617	776	1164	582	776
chr20_27240727_27242678	273	2341	468	858	468	1522	468	780	741	429
chr20_27361101_27365864	1048	3715	1143	1238	1143	1429	1238	1619	1334	2477
chr20_29990026_29994548	2623	1537	1085	2894	1266	1899	814	1085	1537	2623
chr20_30142529_30144416	906	453	642	528	1094	302	566	377	264	340
chr20_31320591_31324032	2615	1721	1721	963	1996	1721	688	619	482	1721
chr20_31406898_31410319	479	547	1232	1095	958	2532	1711	889	684	616
chr20_31952186_31956108	706	1961	628	784	706	1647	628	2589	2196	706
chr20_32243206_32247510	689	1377	947	689	1119	947	1291	1722	2238	2927
chr20_34204650_34209152	1711	3962	1261	1531	1351	1891	990	4862	2161	720
chr20_38812515_38813437	277	203	387	258	369	498	184	221	369	129
chr20_40971247_40972524	1635	255	306	536	434	204	868	358	358	281
chr20_42495402_42498918	914	4219	844	1406	563	984	914	844	1547	563
chr20_44180924_44184351	754	1988	2399	548	822	548	548	960	1028	480
chr20_44534269_44535033	397	229	153	122	107	199	718	260	336	565
chr20_45241017_45245637	2033	1478	5636	3973	1016	2864	647	1109	832	1756
chr20_46772718_46775405	376	914	3816	1666	1612	699	1827	914	1720	376
chr20_47565984_47569547	570	641	1995	1069	499	1639	855	2637	1425	855
chr20_47925337_47930266	887	2366	3647	986	1577	789	887	1577	3155	1183
chr20_48451851_48451983	29	40	29	40	53	63	32	63	24	24
chr20_50546958_50549731	444	610	1387	721	998	943	1220	444	776	776
chr20_55360369_55361688	475	791	739	1161	422	290	264	607	237	1082
chr20_56190718_56191745	164	288	267	164	246	1315	267	267	144	164
chr20_63363366_63363904	129	140	237	280	344	140	151	118	301	86
chr21_5392822_5393348	252	95	95	105	95	389	74	147	316	74
chr21_5554756_5555554	192	287	192	319	192	271	176	399	303	622
chr21_7111879_7116858	2490	2888	1394	2390	2290	1892	2191	1593	896	996
chr21_8999030_8999724	403	97	180	236	125	180	305	264	194	236
chr21_9363810_9364382	149	149	92	240	286	103	194	114	114	275
chr21_10392540_10392977	114	96	297	245	87	157	114	175	79	61
chr21_10488933_10489903	155	252	155	175	155	213	175	1067	524	485
chr21_11837052_11841253	1932	3193	1848	1596	1428	1932	3025	1092	2101	588
chr21_11878501_11883317	2408	2119	963	1156	1252	674	674	2601	771	1252
chr21_11963811_11965525	788	274	960	1508	651	548	480	343	446	274
chr21_12570324_12571996	568	368	970	836	903	502	401	769	970	502
chr21_13122525_13124976	441	833	1373	637	784	784	588	784	1422	441
chr21_14157149_14161999	2134	970	2619	2716	1552	970	1261	1067	873	1164
chr21_17053093_17055552	738	984	639	492	1033	1279	689	344	689	787
chr21_17552957_17557800	2325	1065	775	1743	1162	1162	775	4068	1162	1162
chr21_19013628_19016257	1209	789	473	1315	894	946	999	368	946	684
chr21_19320591_19324519	628	864	943	1807	628	1964	628	2121	1100	1100
chr21_23738489_23742216	671	596	1416	2013	522	1118	1044	671	671	2162
chr21_23869206_23871073	336	336	261	299	523	336	709	411	672	635
chr21_25258840_25263071	1100	762	1692	1523	592	2708	1439	1354	846	762
chr21_26976630_26980482	693	1387	847	847	847	2080	1926	1079	616	1079
chr21_27315904_27319937	645	1533	645	565	2017	726	968	1049	2258	1371
chr21_27792906_27794634	276	380	657	380	1106	415	518	346	449	276
chr21_32263737_32264684	170	189	208	227	606	871	682	284	284	152
chr21_32973127_32973405	44	111	161	44	78	133	78	167	222	67
chr21_33219975_33222788	394	1069	788	1013	1350	731	394	563	1181	900
chr21_35778369_35782147	3249	3022	529	2569	982	1360	529	982	831	1511
chr21_36329565_36330479	439	622	146	128	219	183	165	128	165	238
chr21_37708699_37713265	3105	1278	1278	2009	639	639	1552	2283	1918	2922
chr21_38999917_39002066	1547	473	1762	688	1375	1977	430	3138	1203	430
chr21_39332989_39334719	623	623	415	727	1799	623	1315	415	519	346
chr21_41082088_41086561	895	1610	1431	984	895	3489	716	895	1610	1342
chr21_42335858_42336907	462	587	147	1553	294	231	273	483	210	587
chr21_45415423_45419319	1247	779	545	779	935	2104	623	779	1870	1091
chr22_12434462_12435575	200	423	178	801	178	623	267	200	156	378
chr22_13456624_13459926	3104	1057	2443	3434	1321	462	925	528	1453	991
chr22_13468837_13471920	2035	740	678	863	987	1542	925	1048	555	1850
chr22_13586355_13587315	346	288	653	653	365	250	173	134	442	480
chr22_13891886_13896652	953	763	2097	1144	2955	763	858	667	1811	1906
chr22_18039576_18042191	366	1098	471	1569	523	837	418	785	889	575
chr22_19550054_19555037	897	1794	1794	3089	1296	897	897	5481	3189	2193
chr22_20509911_20510858	189	189	208	398	133	379	284	568	246	189
chr22_22824483_22827112	578	1315	1788	473	631	1104	473	1577	1104	578
chr22_23018317_23018478	29	58	26	48	35	23	71	119	32	71
chr22_23592372_23592517	35	58	35	26	84	23	49	29	73	23
chr22_25400170_25405043	1559	1852	1170	3216	2144	1657	975	5263	1852	877
chr22_26098078_26100388	370	1063	508	1894	3188	785	2079	2680	462	601
chr22_26766110_26769834	1266	3650	819	1266	968	596	1192	745	968	670
chr22_27543984_27546455	445	840	445	395	544	890	544	1186	445	445
chr22_29200222_29204308	817	3024	899	1798	572	817	572	1798	3105	981
chr22_30487580_30488616	166	166	145	186	373	290	166	352	269	166
chr22_34055898_34060210	1294	2242	604	2846	776	1639	949	776	949	1380
chr22_34193370_34197005	800	1091	945	1381	1527	654	1236	509	509	509
chr22_35352585_35355505	1402	1110	584	759	467	1460	1226	2978	642	876
chr22_36036823_36041317	1528	3775	989	1798	2157	3326	719	3326	629	989
chr22_36129415_36133479	732	2764	650	650	1544	2764	1138	975	975	813
chr22_40259132_40259835	239	225	141	169	155	408	127	155	352	127
chr22_41964060_41968830	2099	1431	1240	2576	1240	859	954	668	859	2671
chr22_42188544_42189657	490	534	534	312	267	267	846	289	846	913
chr22_42671859_42672707	560	288	560	204	492	136	220	356	526	204
chr22_43775149_43779362	1180	843	927	2528	6320	1095	1601	674	3286	1264
chr22_43875543_43878585	1338	1764	3164	608	487	1825	1399	730	730	548
chr22_44528207_44529698	388	596	1014	477	388	239	239	1580	328	268
chr22_44804169_44807381	771	771	964	4047	1156	1606	1028	1349	1156	771
chr22_45591811_45596128	863	1122	1295	1468	1209	1899	1640	1727	1727	691
chr22_46998740_47000354	646	355	839	710	291	775	323	323	258	420
chr22_47448418_47451689	720	1701	2486	1766	1178	785	981	1505	589	981
chr22_48878975_48881985	602	1324	1625	1264	843	542	1385	1023	2107	421
chr22_50303196_50306107	1164	524	1048	2562	582	1805	815	466	408	1223
chrX_1152807_1155373	616	462	718	616	2104	565	462	1283	1129	411
chrX_3251710_3255719	2245	1363	1042	1283	962	1523	962	962	3929	641
chrX_4888332_4890976	687	1322	1322	952	687	423	582	952	423	846
chrX_5126763_5129770	421	481	1564	541	421	1143	842	902	1263	662
chrX_5487500_5491471	715	794	715	953	794	715	556	715	953	2541
chrX_6020967_6021106	22	19	150	22	47	67	106	25	78	28
chrX_6134379_6135989	580	354	290	451	934	676	1030	966	1030	290
chrX_8440255_8442320	372	620	1198	1074	702	661	454	289	950	1611
chrX_10688181_10691893	1262	2153	3415	1336	594	594	891	1114	668	742
chrX_15757660_15760825	633	570	1076	1899	570	2469	2975	443	696	1583
chrX_16994277_16996757	2133	645	446	397	397	744	893	1736	942	595
chrX_19854886_19859250	786	2095	1222	1135	1135	611	873	1047	1484	1047
chrX_21316701_21320292	2370	1149	862	3376	1005	503	2729	790	718	646
chrX_22285520_22289006	1673	1185	697	1325	1743	627	906	558	558	488
chrX_25846454_25849583	563	1001	751	1815	814	2253	626	688	1252	563
chrX_27141631_27143154	640	274	792	1279	366	457	335	213	975	883
chrX_28531940_28534493	715	613	1736	766	408	1379	408	766	919	970
chrX_28752613_28755538	527	1170	761	819	1404	1229	468	819	1229	936
chrX_32025082_32028500	2734	547	1094	3350	1025	615	1230	1025	1025	889
chrX_32787949_32791708	4060	4360	1053	1053	1203	2631	1128	1353	677	827
chrX_37473704_37478395	1970	2908	3659	2064	751	2627	1501	751	657	938
chrX_39940521_39942759	448	448	537	1343	1209	313	1029	671	582	1119
chrX_40386102_40390855	665	5038	2377	3232	1331	856	1521	1711	1426	2947
chrX_40397841_40400411	1593	925	925	463	2107	822	617	565	514	360
chrX_42375845_42376425	104	302	104	93	255	209	104	128	290	81
chrX_51293248_51297075	1301	3291	3980	1301	995	1607	689	1301	612	918
chrX_52425894_52426901	504	363	222	1148	705	242	242	201	181	161
chrX_57024110_57027094	1134	1194	418	597	537	895	418	1015	2805	2268
chrX_68452859_68453148	52	75	52	81	87	237	40	92	92	69
chrX_68539878_68543299	479	616	889	547	1368	1711	1847	821	958	1026
chrX_71926911_71928753	479	368	700	1068	810	295	332	995	332	516
chrX_75146136_75149836	592	1406	1110	1332	1036	592	518	814	1480	592
chrX_75259244_75263588	608	782	695	2780	1216	869	1651	1303	2172	1564
chrX_81786274_81789442	950	824	824	1014	2598	507	1204	1204	887	887
chrX_87826874_87830063	829	702	1531	765	510	829	446	957	702	1339
chrX_91446365_91451091	756	3119	756	1607	1040	1512	1040	1323	1890	1229
chrX_103694838_103699035	1175	3106	3022	1847	1175	1175	3442	1427	923	755
chrX_106665290_106667034	1779	698	663	1221	1081	349	523	349	244	1256
chrX_109516611_109517795	189	450	308	497	332	355	213	213	355	450
chrX_111962343_111963359	386	508	284	203	203	244	508	467	325	183
chrX_116717724_116720686	592	711	829	474	652	948	415	1185	889	1363
chrX_121925227_121929741	632	903	1264	813	2076	1806	1083	1535	632	1264
chrX_124596434_124597358	166	499	148	148	444	148	370	203	259	203
chrX_128072773_128074153	221	442	248	193	359	580	276	773	580	497
chrX_134957036_134960500	831	1732	1732	693	624	624	1386	831	1663	970
chrX_135004456_135005634	377	306	777	377	895	283	801	165	424	283
chrX_137214085_137215598	242	605	424	242	272	272	514	333	545	1604
chrX_137514888_137515786	629	287	539	305	198	180	162	233	449	431
chrX_148114348_148117044	647	539	377	431	539	1456	485	809	431	1186
chrX_148642319_148643550	763	222	345	886	197	222	542	345	197	222
chrX_150416065_150419590	2186	917	1833	846	1622	1904	1058	1269	1199	1622
chrX_155409672_155414545	1852	3898	1462	975	1949	1072	975	1267	1364	1267
chrY_228113_232987	1170	2047	877	2047	1560	1852	2047	2924	780	1755
chrY_262619_265284	533	959	1546	480	1066	693	480	1013	800	1226
chrY_843329_847745	1501	2031	795	1148	972	2738	1060	1678	1148	1766
chrY_4078240_4080843	885	937	833	573	625	885	1041	833	1041	521
chrY_4640822_4643266	538	1320	635	440	782	831	635	733	684	684
chrY_5087257_5090141	404	461	808	1096	519	981	923	577	634	404
chrY_5225701_5227841	1027	342	514	342	942	385	1840	514	556	300
chrY_5507721_5511092	1011	809	2697	674	539	1214	876	539	809	674
chrY_5512847_5514742	606	379	341	682	1592	1251	834	379	872	2464
chrY_6971019_6972911	454	681	530	265	454	984	870	1022	265	908
chrY_7900476_7904652	2004	1336	919	1336	835	585	1253	1837	2756	835
chrY_8097386_8099976	622	518	932	881	777	932	414	414	881	518
chrY_8232582_8234094	575	1905	242	816	272	454	756	302	393	544
chrY_9787116_9789781	1013	853	1119	533	586	1652	853	800	480	853
chrY_11121205_11124193	598	777	478	1195	837	598	1733	1315	1434	896
chrY_16061907_16064326	629	968	581	581	1210	968	581	435	339	726
chrY_16138772_16140311	339	339	739	616	862	462	339	431	492	708
chrY_16370615_16372665	615	615	1476	410	533	328	369	1107	287	574
chrY_17019902_17023900	1039	640	1919	3198	2079	1039	960	1999	640	1759
chrY_18893134_18893971	603	151	435	134	201	151	318	368	251	452
chrY_19231669_19233703	854	610	1464	895	529	651	407	529	407	814
chrY_19791396_19795485	981	1308	981	1063	1145	1063	1554	1717	654	2617
chrY_20203574_20205920	1126	375	375	1314	516	657	422	375	469	657
chrY_20971887_20974606	870	2012	1033	870	653	435	1033	1033	435	1631
chrY_21250927_21255758	1063	2029	1739	1256	1449	870	2416	1449	2029	1546
chrY_21553136_21554280	1052	160	320	389	1030	458	252	595	526	618
chrY_23547759_23549385	325	260	780	878	423	325	358	715	748	228
chrY_24647742_24649122	386	359	221	635	248	221	304	248	193	193
chrY_24863397_24864267	609	522	157	191	122	157	209	174	609	174
chrY_25968696_25972283	717	1363	574	1004	717	1578	3730	646	1004	1076
