chr1_626771_627149	116	96	176	40	50	76	45	76	101	40
chr1_4139459_4142601	545	1676	545	712	461	712	545	670	503	545
chr1_5628074_5628520	167	244	125	167	83	71	59	143	89	137
chr1_5698648_5699435	178	178	546	168	94	94	105	147	73	262
chr1_19293964_19295523	208	249	520	208	208	478	333	166	270	146
chr1_23151028_23155833	1089	1153	641	1345	448	833	833	2306	1345	2755
chr1_33919198_33921189	584	319	664	292	1009	265	212	265	425	557
chr1_36750206_36750927	125	106	250	77	106	106	183	211	173	125
chr1_39176818_39180572	400	400	801	701	450	1151	450	1902	2302	901
chr1_44566678_44571496	2056	514	514	2377	578	707	1927	771	578	1927
chr1_50354830_50358437	577	769	769	673	1395	481	721	529	481	1587
chr1_63473998_63476149	488	660	459	1377	229	258	832	344	516	373
chr1_78822048_78826970	2559	591	788	788	459	1116	591	853	1050	656
chr1_79265102_79268683	621	334	334	334	430	525	1098	477	1814	621
chr1_80701697_80706055	1685	697	581	1859	2092	697	1046	813	1162	697
chr1_83563633_83568170	1089	1028	423	726	1452	544	423	1028	1391	2117
chr1_85402822_85403752	347	124	298	87	87	484	87	136	124	186
chr1_91270909_91273237	683	341	372	310	838	435	217	652	341	466
chr1_94242107_94243897	382	215	501	167	477	191	215	191	453	263
chr1_102486514_102486670	25	31	21	25	17	17	29	42	17	83
chr1_107002976_107003667	322	184	295	166	101	92	396	230	138	111
chr1_118705348_118707279	489	386	257	206	386	232	695	257	283	206
chr1_119877977_119879012	152	359	110	179	276	235	262	110	193	469
chr1_125005859_125008969	456	415	373	498	332	663	373	332	1783	1078
chr1_146338343_146338870	63	148	63	56	190	239	204	49	197	176
chr1_158890726_158893129	481	1121	1153	833	737	865	256	224	320	352
chr1_160497778_160501553	1510	3070	453	352	453	554	453	503	755	805
chr1_162980469_162983094	945	385	315	490	560	350	350	840	420	735
chr1_166510359_166512967	800	695	661	487	417	835	452	313	556	417
chr1_166687778_166690548	702	480	1108	591	923	406	665	886	702	554
chr1_167840588_167845363	509	637	1273	828	1082	764	637	446	891	1082
chr1_178383467_178386103	422	844	387	246	1125	387	387	597	668	984
chr1_184465680_184469568	829	518	778	622	1089	570	570	467	933	1037
chr1_197599409_197601190	261	285	309	665	594	214	214	475	332	309
chr1_200078964_200083764	768	1216	1024	768	960	896	960	1024	512	768
chr1_200140568_200141190	257	66	332	108	124	75	141	141	91	83
chr1_207297729_207299902	290	290	348	927	261	261	319	579	232	435
chr1_215447584_215452097	481	963	3671	481	1023	662	1023	963	481	842
chr1_216476579_216476890	100	91	37	46	50	87	141	62	41	83
chr1_217049885_217050777	190	321	155	143	119	95	250	464	333	119
chr1_217396152_217396596	77	41	124	89	136	89	59	71	53	71
chr1_221043680_221044065	154	82	51	139	128	36	62	36	56	113
chr1_221212795_221216625	664	357	664	357	1021	460	715	2145	409	919
chr1_223305163_223309279	604	1976	1262	1921	1372	1372	1262	659	1701	1811
chr1_231147928_231148398	113	81	113	69	201	50	50	50	175	194
chr1_242874452_242877018	445	342	445	547	342	479	547	718	342	342
chr1_246103880_246105895	215	242	269	1155	242	296	269	188	833	242
chr2_2287522_2291189	880	782	489	1369	733	1076	831	1125	831	489
chr2_3222024_3226356	520	578	1617	809	635	1675	809	751	635	635
chr2_4988465_4991718	2082	434	998	694	651	347	520	1822	1041	998
chr2_5906690_5909675	716	398	438	1075	677	1473	478	398	398	438
chr2_8528540_8532201	1757	635	488	830	1708	830	1708	781	732	2294
chr2_8576617_8576786	16	16	47	61	18	50	50	25	20	70
chr2_10896473_10900414	1209	525	683	473	683	1156	946	1209	525	1156
chr2_21504855_21505154	56	76	80	92	84	108	84	36	48	36
chr2_22354163_22357627	416	1894	416	600	1432	1293	647	1339	831	1432
chr2_38541943_38543684	418	371	209	232	441	975	186	348	371	371
chr2_41674288_41674846	82	461	238	141	82	164	186	52	119	156
chr2_43172704_43174948	688	329	718	299	299	239	299	359	957	688
chr2_47626687_47631312	493	987	1727	1295	617	802	1665	432	740	432
chr2_50513805_50514928	225	135	299	135	180	105	165	359	135	255
chr2_56856931_56860570	873	388	340	2814	340	1067	1359	582	970	534
chr2_57711162_57712721	499	208	187	229	208	333	1642	187	416	146
chr2_59586383_59591382	800	866	667	866	1666	2266	1400	1066	600	733
chr2_59935014_59936506	259	279	259	199	219	219	279	358	577	637
chr2_62517809_62520009	440	235	499	235	704	851	411	557	323	205
chr2_62852547_62855088	508	339	711	1118	339	813	542	339	271	745
chr2_65181815_65184422	521	417	348	1043	452	313	452	973	1321	452
chr2_71326061_71330334	399	456	570	1367	513	627	513	513	1937	798
chr2_93932739_93935629	771	424	347	1079	347	308	1464	501	655	617
chr2_100724480_100729163	500	1124	937	1374	1499	2685	1623	749	1811	624
chr2_112933346_112937468	385	1264	1759	605	879	550	495	1594	2308	714
chr2_126025191_126027409	532	444	414	1035	384	946	237	384	946	207
chr2_144056832_144060605	755	1107	1610	604	503	2063	352	1560	855	906
chr2_146829678_146830903	343	278	196	147	180	114	147	555	425	131
chr2_149775314_149780173	518	842	972	1296	648	583	454	777	1944	583
chr2_150495840_150499379	991	613	1604	425	944	425	2548	472	897	708
chr2_151100126_151103504	586	3063	405	405	721	586	405	631	676	405
chr2_159596573_159600882	1092	1264	632	517	460	747	1781	632	804	747
chr2_164033183_164036862	1079	736	343	3041	491	736	1373	834	1079	392
chr2_174693530_174697882	1044	696	696	522	1973	2205	1103	2843	1161	1044
chr2_176578677_176580500	486	535	851	243	535	219	389	243	194	170
chr2_177469124_177470418	155	224	190	155	155	138	276	224	328	155
chr2_190243179_190244870	225	203	721	225	271	744	361	699	406	406
chr2_197990980_197994564	669	478	335	908	430	382	956	669	526	478
chr2_207055684_207056751	213	469	199	156	100	185	142	228	199	270
chr2_208898482_208900905	420	258	582	355	549	226	808	226	905	840
chr2_221848985_221850599	603	151	172	172	194	301	258	323	258	516
chr2_222815300_222815913	294	123	180	106	90	65	188	74	196	270
chr2_227014514_227019095	428	428	1038	672	550	1832	428	1466	550	1283
chr2_228804125_228807143	684	443	362	604	362	644	644	926	362	362
chr2_238307819_238311487	734	1223	391	1076	391	3521	1076	342	1174	440
chr3_237955_242231	912	741	399	684	2224	855	684	456	969	1083
chr3_15954172_15956950	630	370	333	296	852	704	444	889	815	815
chr3_18286649_18288978	248	963	869	590	1056	652	590	435	279	932
chr3_19369156_19372524	1033	1392	1078	1392	314	359	449	1347	808	584
chr3_20940713_20942350	415	196	306	240	349	218	218	153	655	153
chr3_25193171_25196993	612	357	357	866	1580	561	510	408	1325	561
chr3_25443486_25447298	457	762	457	1677	1271	407	1321	1372	762	813
chr3_27221088_27225775	750	812	687	937	500	2312	437	1000	687	1875
chr3_41264170_41268018	1693	462	462	513	513	462	359	2719	924	1950
chr3_42099003_42100176	141	219	109	344	282	156	125	1048	141	219
chr3_43000530_43005154	1850	678	863	1356	493	2220	493	432	2281	432
chr3_56252183_56256564	2804	584	701	1110	584	526	1227	643	526	935
chr3_71774772_71775971	176	112	544	272	224	256	144	256	735	208
chr3_74388662_74392340	1030	588	2011	687	736	490	1079	883	588	2746
chr3_74801862_74802439	85	131	123	62	69	162	69	192	85	269
chr3_83983174_83984008	467	300	100	222	89	100	211	378	334	133
chr3_89237008_89239931	1364	624	2183	1910	818	818	740	468	351	390
chr3_90500665_90504667	1067	800	374	907	1334	1227	747	427	587	427
chr3_92203292_92207483	559	950	1788	671	503	782	838	1006	950	950
chr3_93433965_93434474	61	95	75	75	109	68	102	61	136	61
chr3_95924883_95925607	164	270	77	241	77	145	203	174	77	68
chr3_96536735_96539075	437	530	374	281	811	218	281	874	343	250
chr3_98947550_98951276	646	546	845	845	546	447	1043	795	348	795
chr3_99165965_99169934	1005	900	1164	476	794	423	1429	1693	529	2011
chr3_105755717_105756474	141	121	161	91	212	273	414	242	151	222
chr3_118276903_118281617	629	503	1320	754	2200	566	1508	1069	754	1508
chr3_121340423_121343621	1279	682	1407	512	640	298	895	1322	512	512
chr3_127973395_127977968	1098	3110	610	610	793	549	1646	610	427	671
chr3_130549381_130553700	633	461	979	806	461	576	2303	1267	2649	461
chr3_130629516_130632854	445	445	890	1380	801	1780	401	1024	534	1202
chr3_131868011_131869940	257	1157	592	206	257	514	360	386	386	231
chr3_134722624_134725139	268	402	402	604	805	268	570	335	537	503
chr3_137942175_137945053	1804	767	384	576	460	537	345	499	460	2111
chr3_149393662_149394881	179	520	195	163	211	309	260	293	309	488
chr3_152593565_152598215	806	558	2728	1674	744	1550	868	2170	558	1426
chr3_157784596_157784862	96	28	106	46	64	60	28	106	78	60
chr3_177127990_177128915	234	197	197	234	407	160	321	210	111	148
chr3_178001208_178006038	1868	1288	1095	1159	1288	580	773	837	644	966
chr3_191645715_191646783	684	328	114	285	128	413	142	142	384	128
chr3_193519946_193522198	330	510	240	450	691	571	240	390	661	300
chr3_197871926_197873415	238	298	179	357	417	218	218	397	596	437
chr3_197962758_197964528	873	212	236	212	165	165	236	212	236	212
chr4_710431_714167	747	697	2092	399	598	399	349	498	847	697
chr4_7857091_7859345	240	361	1172	601	270	1292	751	301	1082	451
chr4_14225479_14228744	1001	348	522	609	609	392	522	740	566	305
chr4_15266225_15271157	789	658	1841	1578	3354	1249	723	1512	855	592
chr4_24640896_24644198	1013	2333	308	484	352	308	308	792	572	1189
chr4_33232047_33235960	470	939	678	678	522	1043	470	522	522	1200
chr4_46068790_46070832	245	191	381	218	354	354	545	327	272	245
chr4_54903009_54906105	1610	1404	619	495	991	330	289	784	289	1404
chr4_56637168_56637832	62	212	328	168	106	124	354	274	186	239
chr4_57386763_57389795	768	364	364	687	404	283	1011	687	647	728
chr4_60611075_60611628	133	118	170	59	96	118	125	74	177	88
chr4_60868215_60872278	813	650	2654	488	650	813	488	542	975	1409
chr4_68440350_68441894	329	206	309	226	165	391	206	144	412	247
chr4_72273206_72276629	411	365	776	456	548	411	639	1141	639	639
chr4_73818228_73822848	1109	1047	554	5975	986	862	554	431	616	1109
chr4_88092895_88094266	146	274	329	311	274	274	201	366	146	183
chr4_89423699_89424846	642	306	229	214	214	413	153	321	122	107
chr4_89824193_89826321	1589	255	227	284	482	199	227	482	255	227
chr4_90527477_90528625	199	276	122	214	153	122	367	276	199	199
chr4_91119743_91121370	1020	195	152	499	217	174	1020	477	152	174
chr4_94058806_94060118	455	175	192	402	245	175	192	175	315	157
chr4_99874913_99875054	30	39	21	38	43	45	21	32	17	13
chr4_103409377_103413138	1204	1204	401	401	702	501	602	903	602	501
chr4_104545530_104548206	1392	571	285	571	535	856	963	678	285	928
chr4_106898742_106901106	630	504	378	284	725	347	599	315	284	662
chr4_107166849_107167515	80	133	80	178	107	258	115	115	213	142
chr4_109295124_109298382	608	434	1173	348	738	434	565	521	825	1216
chr4_116548852_116552290	367	458	642	825	1329	963	367	413	733	825
chr4_122587721_122588888	560	327	342	124	202	140	202	405	233	140
chr4_124228911_124233836	591	1182	591	657	1379	591	985	5253	1773	1313
chr4_126374013_126374197	37	25	20	34	27	17	34	34	22	29
chr4_133540229_133540957	126	379	136	281	184	107	97	233	155	155
chr4_141382165_141383268	206	338	206	118	221	353	294	162	353	132
chr4_142647496_142651701	1009	1626	617	1009	953	1346	1009	505	1346	953
chr4_145407331_145411035	494	741	790	1383	494	494	444	691	1630	395
chr4_147355823_147359150	754	665	1109	444	798	1153	1686	798	444	577
chr4_148900325_148904543	450	900	394	844	506	1294	619	1012	450	394
chr4_158524525_158525081	59	111	89	119	96	163	119	104	148	326
chr4_160689244_160691685	521	553	1204	488	325	260	651	325	814	749
chr4_166399162_166399807	60	146	258	69	60	120	60	69	86	275
chr4_169828238_169831322	493	329	452	1028	1275	987	740	905	2056	411
chr4_173158939_173161815	345	268	499	499	652	882	1112	460	460	537
chr4_175931299_175934338	2026	324	567	851	729	567	1540	365	1013	324
chr4_185283448_185284410	115	154	115	180	231	346	115	346	231	308
chr4_187141296_187145555	568	1704	511	568	568	568	625	625	965	625
chr4_187406461_187409108	741	459	776	282	882	353	706	282	671	529
chr4_188501345_188503363	457	404	404	619	215	242	619	350	350	700
chr4_188911376_188915645	683	512	683	683	1765	1537	683	1138	626	683
chr5_3740036_3743896	566	463	1647	515	515	2213	1338	3603	823	1029
chr5_7429038_7432440	1134	862	363	1179	363	454	499	454	1043	1270
chr5_10005186_10009338	3045	609	664	1439	664	609	498	1605	2657	941
chr5_18668772_18672715	1051	578	421	473	473	683	999	789	841	631
chr5_18789355_18789886	71	64	78	71	156	64	64	92	92	50
chr5_19073905_19075535	456	478	369	348	217	1108	435	174	217	1108
chr5_22681215_22684138	1052	624	974	1091	546	429	390	702	390	1286
chr5_24727091_24728457	219	364	127	182	291	346	200	455	182	510
chr5_29827010_29830206	554	597	2685	426	682	1151	341	2003	1278	341
chr5_35171884_35172808	407	99	296	123	111	271	185	99	234	99
chr5_41030205_41031782	231	273	189	400	189	147	505	294	315	400
chr5_42038132_42041788	877	682	731	1316	536	1755	390	975	1072	829
chr5_48506586_48511055	1370	715	1073	715	536	1132	715	1430	1251	536
chr5_50017126_50021830	1756	627	1192	815	502	627	1317	878	690	627
chr5_51819316_51823488	1113	834	556	890	723	556	1279	1446	556	389
chr5_52236773_52240321	757	520	946	662	473	520	804	1325	1750	1656
chr5_53311457_53313124	289	267	222	356	333	645	222	156	200	289
chr5_81556384_81556660	66	55	250	44	55	52	125	40	37	29
chr5_82334060_82337309	520	780	736	390	650	520	693	390	736	650
chr5_83748760_83753655	1110	783	783	1175	1697	587	1632	457	1044	1240
chr5_85012800_85013434	118	152	152	237	456	76	93	135	93	245
chr5_85198632_85203499	1428	844	1493	1687	1038	584	519	1428	909	454
chr5_107064487_107069247	3681	1015	571	571	1079	825	1967	952	762	1904
chr5_113673444_113677848	705	2408	881	822	528	998	528	587	646	470
chr5_125279958_125280097	52	39	28	37	35	100	67	17	17	37
chr5_125404536_125407637	413	910	1075	413	1075	496	372	579	951	413
chr5_125411480_125416325	1292	904	1098	904	581	517	1292	1292	646	1809
chr5_126513767_126517250	1161	2415	511	557	418	372	743	557	1672	1533
chr5_127276261_127278954	287	287	431	431	431	539	323	251	826	1149
chr5_127729982_127734934	528	1056	528	594	792	924	990	1717	726	528
chr5_127906806_127909563	1213	698	845	845	735	331	331	809	772	956
chr5_128431375_128434891	1125	2063	1547	375	469	750	375	891	422	1688
chr5_130321655_130325437	403	656	908	1059	403	756	353	706	1362	454
chr5_137957877_137958726	283	102	226	317	91	91	136	158	385	600
chr5_138815216_138816365	214	153	214	352	138	429	169	705	291	184
chr5_140001157_140003546	701	382	669	669	287	1019	414	701	956	255
chr5_143383928_143388893	728	1125	1523	596	1258	861	1324	1589	1456	2052
chr5_143476268_143478914	353	776	917	564	318	282	670	282	600	847
chr5_143825140_143827288	458	687	315	315	1346	286	601	945	229	200
chr5_144459470_144462371	890	348	309	890	309	425	812	425	580	309
chr5_144751556_144752296	138	109	631	79	227	148	217	257	178	118
chr5_147954575_147957589	362	482	884	442	683	804	603	442	1005	603
chr5_160950180_160953842	684	439	977	830	635	830	439	586	342	1123
chr5_167494336_167497614	350	1486	1136	787	1136	830	350	874	918	350
chr5_174123551_174124738	348	206	237	206	127	649	142	459	427	190
chr5_180883910_180885295	166	462	683	166	517	739	222	222	185	665
chr6_3512359_3517037	437	624	624	936	561	1934	936	2370	1310	811
chr6_4389927_4394474	485	1819	1091	1758	546	1879	2364	728	1091	606
chr6_5631215_5634864	632	730	535	1411	341	389	632	438	681	341
chr6_6082122_6087069	923	1253	1055	1121	1649	462	2243	2111	726	1649
chr6_9891549_9893283	208	185	208	509	393	694	439	185	855	208
chr6_13189669_13191918	240	900	540	240	450	390	420	240	420	210
chr6_14385988_14389078	371	288	1318	1360	330	412	1318	618	453	948
chr6_14709714_14712617	1432	348	310	387	426	310	348	464	464	1355
chr6_19785849_19787991	257	286	914	714	228	400	257	914	257	343
chr6_20857604_20860692	576	1729	1606	329	1482	865	988	741	535	988
chr6_21792732_21796501	553	955	553	1608	503	2362	905	905	754	653
chr6_27773911_27774331	101	90	73	118	106	45	56	129	140	101
chr6_31098930_31102245	1282	398	309	486	619	972	309	619	884	530
chr6_36151165_36152322	339	309	108	309	478	108	1018	478	602	309
chr6_37515258_37520041	2615	1212	510	1084	574	957	957	765	1084	1020
chr6_47344561_47348783	844	450	563	563	1013	507	957	844	450	1182
chr6_52924075_52926172	252	1202	224	252	363	336	224	280	224	224
chr6_53346317_53346896	108	193	116	69	69	278	139	62	54	116
chr6_53991488_53993786	521	245	705	613	1226	735	398	1103	429	1226
chr6_55823650_55824368	163	115	316	124	105	115	67	268	172	182
chr6_56884515_56888920	1233	1703	1292	822	1527	1527	1468	881	881	646
chr6_60634701_60638266	380	665	1141	570	1141	380	523	1046	665	761
chr6_65655519_65655628	13	15	15	12	12	26	12	49	33	16
chr6_68908304_68908772	94	69	131	94	62	44	44	106	206	231
chr6_69259184_69264020	709	1419	516	1096	1290	709	774	709	838	645
chr6_69506999_69507230	25	34	40	34	46	95	25	34	49	49
chr6_71924482_71929470	599	1197	466	532	665	599	1064	1131	1330	1596
chr6_77141061_77141209	24	32	61	18	16	28	55	30	43	24
chr6_92992302_92992803	114	120	53	87	73	47	47	274	80	53
chr6_95677371_95680232	725	305	420	572	267	343	2708	496	534	992
chr6_97306670_97308830	922	202	230	346	490	288	317	461	202	461
chr6_104943868_104947965	382	492	1256	710	983	765	437	710	601	382
chr6_110114279_110119035	1015	888	634	698	571	3171	1332	698	824	571
chr6_113750005_113754554	788	546	425	485	1213	1698	1334	546	1577	546
chr6_120695400_120698255	647	457	343	647	685	381	685	533	914	419
chr6_120844579_120848099	751	704	1079	1314	610	939	798	610	1220	1079
chr6_121665698_121669248	805	426	710	615	757	663	473	379	426	947
chr6_123180801_123182200	373	317	224	261	224	149	131	597	187	522
chr6_127011312_127011620	37	74	70	45	99	222	103	103	78	37
chr6_127787678_127791788	493	493	986	438	658	548	986	1315	658	548
chr6_134713471_134715163	316	180	451	271	384	835	474	541	609	699
chr6_139904996_139905765	133	154	92	297	133	103	287	164	369	369
chr6_141709013_141711420	257	578	417	257	481	321	257	770	289	578
chr6_142121894_142124852	947	710	473	592	394	473	513	394	1578	513
chr6_145890774_145891522	100	359	319	70	110	110	219	160	120	150
chr6_156876326_156877526	176	144	192	224	624	160	128	224	320	176
chr6_164640942_164644551	2262	337	674	385	914	1444	722	577	1107	433
chr7_2016128_2019548	2234	319	912	866	1414	410	684	547	593	821
chr7_3845833_3849674	358	666	512	717	717	666	717	563	922	512
chr7_4725557_4729754	504	1455	672	616	895	560	1007	1063	727	727
chr7_12508685_12510881	264	205	439	293	644	351	264	322	439	410
chr7_15137293_15138592	398	797	225	191	191	156	260	485	208	468
chr7_16810109_16810477	64	39	59	88	79	54	128	49	103	54
chr7_20339491_20341582	223	223	307	390	446	223	223	335	390	251
chr7_28969415_28972385	554	436	436	515	1069	634	396	554	277	1030
chr7_29150467_29154369	416	520	624	832	1301	572	624	416	1561	468
chr7_33615108_33615903	117	191	127	74	106	244	170	95	74	117
chr7_34080042_34082679	352	387	633	668	422	774	281	774	352	1406
chr7_41134131_41137436	705	353	573	308	1498	705	353	573	881	308
chr7_41913307_41914803	219	219	199	618	180	279	459	140	738	199
chr7_46853050_46854292	248	431	132	315	215	811	182	182	447	729
chr7_53266690_53268466	332	379	166	663	497	284	237	426	332	260
chr7_53941755_53942318	98	98	83	83	375	60	165	218	128	150
chr7_58645337_58647141	722	385	649	722	216	649	770	818	1203	313
chr7_59048762_59052550	505	404	606	657	556	455	1111	606	1263	606
chr7_61443600_61448096	959	1798	659	779	420	540	599	839	1199	540
chr7_67262228_67265365	627	460	1380	878	418	544	711	293	711	335
chr7_73886742_73891728	731	532	731	997	1064	598	731	798	931	1529
chr7_74615360_74617604	1496	239	299	658	568	598	389	329	329	479
chr7_83284162_83286185	270	216	459	351	405	297	270	297	216	324
chr7_85537178_85539636	885	1082	1639	623	262	623	492	1049	459	688
chr7_92984331_92987265	313	822	1095	469	313	548	822	548	548	626
chr7_95506014_95507004	290	119	198	145	317	185	92	356	224	251
chr7_102099021_102101027	963	214	321	294	562	241	455	401	348	455
chr7_102139009_102139800	105	105	84	274	105	84	74	105	105	158
chr7_102983054_102984163	222	148	325	222	281	148	429	118	251	192
chr7_104633916_104638330	647	1177	589	1530	883	1707	589	412	1530	1412
chr7_110102216_110103855	328	240	503	240	481	896	262	284	393	262
chr7_111241514_111243934	903	419	645	484	419	807	355	387	549	226
chr7_112554107_112557483	585	360	495	810	450	675	765	360	810	540
chr7_113276689_113280322	630	533	2083	1550	388	1647	436	969	388	388
chr7_115752893_115757021	1431	1156	605	550	605	550	1816	716	991	385
chr7_116719548_116723535	478	1010	1063	957	957	1010	372	638	957	797
chr7_117412560_117414053	199	319	319	478	358	378	199	159	378	159
chr7_121608421_121610545	821	453	283	425	340	623	1756	793	283	312
chr7_122272645_122273905	185	370	454	269	151	403	118	118	168	420
chr7_133954117_133955804	292	1440	900	360	405	450	967	607	360	472
chr7_134749126_134753883	1332	698	1015	951	698	507	1142	1015	2664	571
chr7_138431142_138435228	1798	599	490	981	1416	545	1199	1689	490	1035
chr7_139837646_139841395	700	550	500	550	450	400	650	1450	550	750
chr7_146232877_146233816	250	163	163	138	238	200	100	100	100	88
chr7_154302435_154303807	238	238	348	201	329	220	329	677	329	256
chr7_154941536_154942100	301	83	75	75	98	75	98	83	113	308
chr8_254276_257173	657	348	425	348	1043	850	1120	1197	502	541
chr8_1640608_1643548	314	510	549	1568	823	314	2430	980	666	431
chr8_3608109_3609876	424	259	165	401	306	330	801	283	401	236
chr8_13076434_13078731	490	551	827	858	613	613	551	613	276	490
chr8_18739741_18740931	555	508	508	175	222	270	270	222	365	159
chr8_22424314_22428264	737	1949	1422	474	527	1475	895	527	527	474
chr8_29084542_29085964	398	152	209	152	417	190	379	228	455	284
chr8_31801301_31804670	449	404	494	764	404	2516	539	1482	809	314
chr8_32463739_32466629	424	347	1195	462	347	424	308	462	501	732
chr8_34507140_34510518	721	1576	405	811	405	1351	495	495	676	856
chr8_41268275_41269432	170	278	154	355	216	139	355	293	309	170
chr8_42789955_42794935	1660	863	1062	598	531	2523	465	863	598	465
chr8_44440636_44441550	232	280	146	232	134	183	85	317	256	110
chr8_46569490_46574204	1006	880	880	1069	691	503	1194	440	566	1320
chr8_48068789_48069003	31	54	68	34	34	26	40	40	23	29
chr8_48470518_48473859	802	846	401	935	1025	490	1916	445	846	445
chr8_51430092_51433059	2176	910	356	475	277	554	554	554	475	396
chr8_53440471_53443107	492	457	1441	351	457	281	914	562	457	246
chr8_55035910_55036763	330	557	660	296	205	159	205	307	466	136
chr8_55955626_55957767	314	257	314	485	200	371	371	428	285	685
chr8_56685751_56690368	862	1416	431	616	1170	800	1047	1170	1170	616
chr8_64044522_64049159	1669	2473	433	495	1298	618	495	804	1175	866
chr8_64721261_64723986	1126	363	436	436	254	981	1090	327	763	545
chr8_65774676_65776004	443	195	354	319	266	230	266	425	195	974
chr8_67676927_67680346	410	365	775	1550	410	593	912	456	1231	957
chr8_76186288_76188875	414	276	690	310	414	690	310	310	897	345
chr8_76280627_76281051	73	96	102	62	62	45	226	45	124	51
chr8_77651312_77654048	438	511	328	438	255	292	438	985	985	255
chr8_77959774_77960532	81	101	101	71	424	101	263	192	253	111
chr8_78225755_78228913	463	632	758	1516	421	295	758	505	1095	2232
chr8_82608893_82610180	240	378	549	618	223	172	275	154	172	1167
chr8_84880227_84882464	209	328	567	597	239	388	447	895	268	388
chr8_91230765_91235598	709	1031	451	1289	838	580	2578	516	451	1289
chr8_92824692_92827568	345	844	422	383	307	844	1189	422	345	1726
chr8_94301890_94304392	467	701	300	434	1501	767	567	234	2435	500
chr8_99042882_99044496	301	473	280	172	430	516	151	323	495	667
chr8_105267862_105271848	797	425	1116	425	744	957	1913	1488	1169	1169
chr8_106168078_106170410	497	404	218	249	373	373	715	311	591	218
chr8_114454329_114456639	339	462	277	708	1232	308	339	462	524	246
chr8_114540280_114542743	2102	263	361	328	657	296	690	394	328	821
chr8_117195016_117198915	1300	1560	520	624	1040	728	676	676	572	1508
chr8_122439418_122441944	640	404	370	573	1516	808	775	573	438	472
chr8_123258756_123261267	469	770	1373	469	301	301	368	435	335	402
chr8_133790700_133795526	1866	579	450	2059	708	515	1351	2252	965	2703
chr8_134777328_134779771	1368	326	945	423	717	684	847	391	586	358
chr8_135473319_135474763	270	270	212	173	212	655	193	154	385	327
chr8_136664097_136665588	258	815	179	596	398	338	159	159	457	616
chr8_138490453_138493495	811	487	2150	1014	973	284	446	406	608	365
chr8_139250894_139253846	394	512	590	2637	1141	315	512	748	945	1299
chr8_142150611_142151139	218	148	155	92	169	120	155	120	239	77
chr8_142604805_142605361	148	222	111	59	282	74	67	96	163	356
chr9_10400869_10405208	521	868	1446	1736	984	579	1215	521	1157	1041
chr9_19772167_19774746	447	585	1066	309	309	550	241	791	344	344
chr9_21436738_21438596	347	198	396	273	173	545	347	347	619	198
chr9_23931364_23932322	128	102	192	192	179	243	102	281	102	128
chr9_24376381_24379505	1500	1000	333	916	458	375	875	500	417	458
chr9_26035180_26037123	415	622	285	337	207	363	466	233	259	389
chr9_32861524_32861663	32	24	32	30	13	32	22	37	19	30
chr9_34060236_34061323	304	188	130	203	145	101	116	493	174	652
chr9_42351364_42353546	524	233	582	582	465	349	262	349	262	291
chr9_42645793_42650216	590	1120	767	413	1179	1651	1003	826	1356	590
chr9_43586091_43586520	120	149	86	126	46	126	74	109	63	69
chr9_43870189_43873300	373	290	1535	581	2240	747	498	290	539	830
chr9_44223793_44225936	343	400	229	457	286	829	314	286	543	286
chr9_45453036_45454524	278	516	258	258	159	1151	218	159	377	655
chr9_68621511_68624623	871	539	373	373	1660	415	581	332	456	539
chr9_71428300_71429997	294	611	385	385	294	272	181	385	249	430
chr9_79764995_79768417	958	411	365	867	365	1049	502	456	1095	1278
chr9_80672554_80677425	714	1299	1494	844	520	2208	1234	1299	1883	714
chr9_84389334_84390635	121	520	347	139	399	624	208	330	295	312
chr9_88205500_88209875	1225	992	583	1517	1692	875	1050	817	642	1867
chr9_88708315_88712627	1840	1667	517	747	1207	747	460	632	1725	632
chr9_104075448_104077599	402	315	315	373	258	1061	459	287	488	946
chr9_110537940_110542521	1099	550	1222	550	977	672	1099	1771	1466	428
chr9_112775392_112777093	159	590	227	181	726	295	249	340	816	363
chr9_116737772_116739686	306	204	383	612	204	944	408	306	179	230
chr9_122144458_122145192	157	117	568	362	98	157	88	186	793	78
chr9_133743709_133746321	418	313	557	488	313	348	662	279	522	801
chr10_6383905_6387876	635	529	847	900	688	794	1165	900	741	1959
chr10_8843973_8848253	571	913	514	856	742	514	457	1313	856	399
chr10_9558473_9563467	1199	732	1265	466	1731	1465	2996	666	1398	599
chr10_10106405_10110879	477	954	656	1014	895	477	656	1969	1193	537
chr10_13967360_13967864	323	74	87	134	128	81	47	74	249	161
chr10_16145442_16146014	214	397	84	153	122	275	69	84	99	168
chr10_17428810_17433389	488	488	794	611	427	977	916	1526	549	2198
chr10_21004308_21006148	1030	245	270	491	196	662	761	442	638	662
chr10_23516818_23517799	183	209	131	144	235	288	157	301	144	105
chr10_25501938_25502672	206	127	88	88	186	137	98	157	127	69
chr10_29108512_29110967	262	2029	589	262	1375	818	622	229	655	786
chr10_30327866_30332843	1593	597	863	664	664	995	730	1327	863	597
chr10_31300898_31305171	513	1310	456	684	684	570	1652	1310	798	456
chr10_34526830_34530805	477	477	1431	583	2014	795	795	1961	583	954
chr10_40895091_40898214	458	958	1915	291	625	375	958	874	333	874
chr10_41339670_41340623	165	102	127	356	152	152	368	165	254	267
chr10_44257053_44258432	1011	239	257	349	846	184	184	129	184	294
chr10_47384948_47389798	1423	711	647	905	647	1681	1681	776	517	841
chr10_47398469_47399340	116	163	116	581	93	209	116	348	314	174
chr10_48740121_48742407	213	366	244	427	518	518	366	823	701	274
chr10_57473867_57476141	243	243	455	212	1031	455	303	364	546	637
chr10_57713835_57715029	287	366	127	318	987	111	239	446	143	143
chr10_61077463_61079333	224	249	199	224	374	224	623	199	274	1147
chr10_61454362_61456455	363	530	502	363	251	474	307	279	614	279
chr10_61795434_61796263	232	133	144	442	365	88	166	77	188	210
chr10_62539341_62541420	527	776	444	554	222	554	277	305	222	832
chr10_63771952_63772451	73	106	86	106	73	80	53	106	100	67
chr10_67384856_67386068	129	242	113	145	162	404	388	824	129	242
chr10_71699863_71701025	186	248	294	294	480	232	155	232	124	139
chr10_81905028_81906370	143	1020	161	125	412	268	447	179	143	286
chr10_95077930_95082072	1160	2872	828	497	442	1381	663	994	387	387
chr10_96757769_96762005	508	960	1073	452	1920	791	508	1186	452	960
chr10_98551991_98553726	486	208	671	393	393	463	254	601	208	301
chr10_99972579_99974069	358	219	497	219	596	219	695	139	159	199
chr10_100370586_100373363	1000	444	555	778	592	296	518	1148	815	741
chr10_103773227_103774343	134	312	179	312	149	432	149	149	327	119
chr10_104358849_104361166	865	247	247	247	247	402	309	463	711	278
chr10_111223621_111226128	669	368	568	468	267	401	334	501	903	267
chr10_114087217_114091333	1317	933	494	549	878	439	604	659	823	549
chr10_117220581_117225086	1261	481	541	1321	481	1081	420	661	1922	781
chr10_126560962_126563410	588	849	457	326	490	522	261	392	849	1632
chr10_127308085_127310278	263	205	526	409	643	1228	205	205	380	292
chr10_128543846_128544489	69	94	103	60	77	111	231	60	249	111
chr10_128877196_128879628	227	519	1038	357	584	551	681	292	973	843
chr10_133506074_133509919	1384	974	923	564	615	1025	820	820	923	410
chr11_1526594_1529134	406	305	508	373	305	1422	508	271	610	305
chr11_3195251_3196033	188	115	292	83	83	188	125	125	73	167
chr11_4687780_4689235	194	175	175	310	233	233	349	349	310	272
chr11_9716700_9719161	853	525	263	361	886	263	656	820	263	295
chr11_10672886_10675468	1205	344	241	275	620	585	448	551	448	448
chr11_11810746_11813460	398	651	977	615	434	651	724	362	507	905
chr11_14124674_14126571	354	405	784	683	430	683	506	607	202	1037
chr11_18926871_18928822	208	312	364	520	390	260	520	728	494	182
chr11_20933458_20934787	159	301	301	159	532	195	177	284	230	301
chr11_23865057_23866133	187	746	330	244	115	115	215	201	129	100
chr11_25380194_25384626	709	945	1359	1123	827	532	827	2246	1536	1359
chr11_25486647_25490586	473	473	1786	420	683	420	1155	420	473	945
chr11_25621240_25622354	119	253	163	163	149	980	297	431	208	431
chr11_30447567_30448602	124	138	221	179	124	110	221	124	359	166
chr11_32745647_32747214	522	230	188	167	355	397	293	501	230	209
chr11_36355500_36358462	1027	513	474	750	750	474	1540	711	750	474
chr11_37192847_37197777	526	1841	855	723	920	723	657	1446	789	592
chr11_38354408_38356239	269	366	244	366	293	244	391	244	391	391
chr11_44154507_44159043	847	484	544	1693	665	2056	544	544	605	1149
chr11_45572990_45576121	835	292	2129	710	501	334	459	501	543	376
chr11_48205022_48206899	225	501	375	551	325	551	626	200	175	250
chr11_50347355_50350398	730	446	365	1623	1014	1055	446	325	609	568
chr11_51388953_51392681	348	1193	696	994	497	497	895	497	845	1193
chr11_52264510_52266960	294	359	261	229	229	523	686	523	261	261
chr11_52491229_52495641	412	706	1941	706	2588	471	529	706	1882	647
chr11_52738474_52738670	44	39	55	86	18	37	29	39	24	44
chr11_59882953_59884555	256	320	235	256	150	299	534	192	171	171
chr11_64465887_64469817	1362	1258	891	1258	838	472	943	2830	367	472
chr11_72255547_72258934	316	361	858	452	632	497	994	1039	497	1174
chr11_75752467_75753662	127	175	127	112	143	701	398	239	287	159
chr11_82052296_82054459	404	346	260	519	577	260	288	375	577	346
chr11_84785578_84788461	423	308	577	538	308	346	653	423	308	308
chr11_89229565_89230564	133	93	186	226	107	466	133	173	147	226
chr11_90347010_90351306	458	1146	802	1031	630	859	2291	516	1604	630
chr11_95523201_95525391	1256	701	263	234	526	759	321	526	467	234
chr11_99550831_99555583	887	507	1837	570	1077	507	1647	444	2281	1077
chr11_101413675_101416784	1119	373	373	1078	1285	871	332	663	1119	373
chr11_102483610_102484648	332	166	249	484	304	637	111	125	125	623
chr11_105369505_105374347	775	1291	4971	516	516	1808	1679	904	904	1291
chr11_110027761_110032453	1501	938	1501	2565	500	813	2064	1627	1251	2440
chr11_111572723_111575472	586	403	1833	1356	293	770	586	550	367	293
chr11_113847245_113850497	347	477	434	954	304	347	477	347	1474	1734
chr11_116189792_116192570	259	519	444	519	444	333	1037	333	963	963
chr11_121767416_121770719	484	1189	484	484	1541	484	484	352	617	484
chr11_127621351_127625604	737	567	1021	624	737	907	624	1361	454	454
chr12_489482_492123	246	845	563	528	317	282	986	352	458	2852
chr12_2311847_2313931	611	417	500	306	250	222	722	500	556	445
chr12_3663486_3667672	391	1116	558	391	726	1284	502	1284	949	1116
chr12_7257331_7259813	298	695	529	265	662	1555	397	596	695	496
chr12_10367562_10368990	267	267	305	171	190	190	286	324	514	228
chr12_17195734_17198025	275	580	703	367	519	244	305	275	550	1191
chr12_30210092_30210924	144	255	122	344	89	111	233	177	466	111
chr12_30999853_31004328	1551	597	835	1551	418	477	656	955	477	1014
chr12_33026348_33027939	170	276	276	276	191	148	212	276	212	276
chr12_33108588_33108877	39	112	85	39	42	62	119	77	35	58
chr12_34358266_34362357	1145	1091	1255	1200	1636	655	436	655	655	1036
chr12_35460222_35461570	413	252	288	144	467	377	162	216	252	593
chr12_36010676_36012150	177	255	236	452	393	472	491	413	452	197
chr12_38407398_38407661	56	25	28	28	49	35	25	74	42	42
chr12_39207446_39207958	102	68	102	116	102	253	116	102	294	300
chr12_44866658_44869829	592	465	888	381	1184	2029	465	1987	846	296
chr12_46623782_46626771	956	797	399	598	558	598	399	797	877	438
chr12_49377951_49382338	1228	1170	1462	409	994	2047	1930	819	643	409
chr12_54724107_54726276	318	983	463	694	521	260	694	289	202	578
chr12_58599844_58602547	721	1730	685	721	288	757	288	1514	288	1045
chr12_59361410_59364826	1002	592	501	956	547	410	1230	729	1503	592
chr12_62162578_62164059	197	178	415	237	336	138	197	158	276	178
chr12_63297977_63298906	334	161	211	87	149	285	260	124	211	223
chr12_65846147_65848443	765	276	612	398	765	459	857	1133	735	612
chr12_66962534_66966204	440	587	538	440	1125	2642	979	489	1125	440
chr12_77110855_77111359	60	60	134	175	74	128	141	54	188	54
chr12_77160026_77162107	694	472	943	277	194	222	250	305	638	583
chr12_77339106_77343297	559	894	950	503	447	1285	503	838	1118	1006
chr12_77652738_77654530	430	454	287	741	239	239	167	191	645	167
chr12_78350102_78351966	596	398	621	249	795	646	820	224	373	398
chr12_81912908_81913648	89	158	168	197	543	79	168	69	237	158
chr12_83038801_83041994	1831	553	468	724	1107	553	894	298	341	298
chr12_83851280_83852868	254	148	445	423	826	1355	169	360	169	212
chr12_88564561_88566981	452	258	516	452	323	452	387	581	710	936
chr12_90409098_90413410	517	1092	920	2242	1035	402	1207	920	1380	1092
chr12_97415121_97416600	907	158	335	256	158	138	730	177	256	158
chr12_99424175_99427248	492	1147	328	451	451	574	410	492	942	983
chr12_99683480_99687067	622	335	335	813	574	383	717	670	1578	957
chr12_99862786_99866780	1065	1864	692	905	1172	586	692	746	852	1065
chr12_104676860_104680883	751	751	536	1824	590	912	1609	1126	1287	429
chr12_106747869_106749926	219	302	219	329	549	274	494	384	329	411
chr12_119189292_119193051	501	451	1403	852	1804	2506	1002	852	1754	2706
chr12_124753161_124758045	912	1823	651	2409	586	1954	456	586	1368	1042
chr12_132556516_132557656	182	730	152	228	365	532	167	137	243	182
chr13_19022910_19025073	317	346	346	404	260	202	433	317	404	606
chr13_22114545_22117426	730	1191	384	538	653	653	691	461	538	576
chr13_26707161_26709212	219	547	1067	356	328	1231	410	301	356	410
chr13_28833330_28834661	266	177	302	142	195	142	195	497	373	177
chr13_33269652_33271039	148	666	166	222	203	148	166	166	296	444
chr13_35332233_35332410	203	50	57	47	35	50	40	61	21	26
chr13_37150988_37153303	247	617	741	803	309	710	401	463	401	803
chr13_44856560_44858395	343	367	832	196	220	171	563	196	245	269
chr13_45080777_45082048	153	254	220	153	136	271	136	593	203	305
chr13_45617795_45618733	225	138	163	150	125	400	250	100	338	313
chr13_46759185_46761169	1058	212	556	529	370	767	450	238	1164	767
chr13_49958871_49962128	521	347	695	869	1824	304	608	434	434	391
chr13_50508952_50510873	231	231	205	282	205	768	820	692	615	282
chr13_50741292_50745641	1276	1508	638	1682	812	464	870	638	812	1044
chr13_55416141_55420658	783	843	723	662	1385	662	843	602	723	422
chr13_57351806_57353962	431	230	776	402	517	489	374	402	374	460
chr13_58474733_58478904	1223	1613	389	1613	612	556	945	556	445	1446
chr13_59966816_59968900	389	278	195	528	917	250	889	584	472	917
chr13_61981922_61982593	89	72	134	215	116	107	89	161	116	107
chr13_63973503_63973841	32	45	41	41	144	77	41	45	90	41
chr13_64488422_64492704	913	971	1599	457	1142	856	1427	799	400	856
chr13_69854261_69855903	197	263	175	197	460	722	372	285	175	569
chr13_70034027_70038930	523	588	458	523	915	654	2157	981	850	523
chr13_71243869_71248382	1324	662	1565	602	963	1805	542	722	542	722
chr13_73314833_73318481	584	389	486	1167	486	1167	778	1508	681	438
chr13_74319165_74320591	266	247	152	190	380	304	456	532	209	399
chr13_74328682_74331022	655	437	343	250	686	374	281	811	281	842
chr13_77550046_77550827	167	73	115	187	250	156	146	271	312	104
chr13_79794306_79796665	472	283	283	535	283	975	252	1384	472	503
chr13_81779490_81783931	414	1895	1540	474	1480	947	592	2369	474	888
chr13_82006028_82007165	258	152	106	152	546	788	106	379	637	167
chr13_82902752_82907534	1020	510	1339	765	1722	1339	701	574	1084	638
chr13_83284886_83289173	457	1943	572	686	1943	1029	629	686	514	629
chr13_83411447_83411690	45	58	42	26	55	42	23	26	32	45
chr13_84415034_84419943	720	1505	1505	589	3862	1505	524	785	1440	982
chr13_84444926_84449045	494	1922	659	989	1318	879	439	769	1812	1483
chr13_88069531_88071724	292	877	1345	526	439	497	526	322	877	234
chr13_90111602_90114186	655	345	379	930	379	310	792	861	379	586
chr13_93441382_93444971	479	335	1101	335	526	957	766	909	335	1148
chr13_96085492_96090423	789	723	657	1315	657	723	460	1315	1512	1183
chr13_96333448_96337393	473	579	1683	1368	421	789	1052	684	473	1105
chr13_97757659_97760912	1041	564	304	954	477	911	607	520	1431	998
chr13_98311997_98314576	378	688	1375	413	481	791	309	344	860	2098
chr13_100252074_100253345	508	136	220	390	153	441	932	186	136	220
chr13_103640543_103641180	119	110	102	187	93	110	110	68	127	340
chr13_104399686_104404657	1193	1657	464	3911	1524	1127	862	1392	597	729
chr13_105251182_105252384	160	305	529	128	176	240	465	176	369	128
chr13_109022305_109024645	218	281	655	437	842	780	312	811	343	218
chr13_111420938_111421965	301	110	178	520	219	205	164	151	151	411
chr13_113396326_113396736	241	82	60	202	55	344	87	71	77	93
chr14_23588755_23591935	1484	466	551	721	424	382	1060	1230	636	424
chr14_23802406_23804237	1465	293	464	977	171	708	391	269	488	317
chr14_26538788_26540574	357	738	238	310	357	214	167	238	214	691
chr14_30547974_30550763	1004	892	446	1711	372	297	1116	260	335	967
chr14_32659490_32662192	1081	468	468	288	324	324	1513	468	252	396
chr14_33098996_33099536	72	50	252	65	180	151	79	58	194	137
chr14_37601747_37603504	258	258	187	1007	351	164	187	187	656	328
chr14_37945198_37947793	381	692	484	242	1211	381	346	588	381	415
chr14_42432717_42435417	432	720	432	540	504	396	252	684	828	540
chr14_46901353_46904107	918	918	661	330	734	404	514	1028	477	367
chr14_50486754_50487301	95	51	204	66	277	139	73	58	277	292
chr14_50767919_50769276	832	199	579	398	199	416	362	181	163	271
chr14_51307521_51308665	137	168	244	153	153	275	305	229	137	214
chr14_54180126_54180922	85	127	117	127	170	626	202	340	85	74
chr14_55018280_55020686	449	577	866	866	642	802	1412	545	481	706
chr14_57940826_57941934	148	384	192	177	163	148	163	384	192	177
chr14_60740676_60745357	687	1560	562	1061	2184	562	811	1123	1311	749
chr14_67532733_67533216	52	90	142	296	52	97	142	97	174	122
chr14_69597486_69601159	539	930	637	930	833	735	1665	930	833	1175
chr14_70143638_70148364	693	1323	1008	441	1449	630	567	1071	693	882
chr14_71000255_71004690	828	650	1833	1360	650	710	1597	532	532	2247
chr14_71938324_71942389	596	488	813	1463	867	434	379	1301	759	813
chr14_73311286_73312909	390	995	303	173	411	281	195	303	281	368
chr14_73747706_73752586	2212	521	1497	781	1106	911	911	911	911	651
chr14_77621164_77625996	709	1417	1804	1546	4639	1095	709	644	1031	773
chr14_78873963_78878507	485	969	969	424	2302	606	848	606	545	2242
chr14_81930825_81934838	749	803	642	535	803	428	428	1284	535	589
chr14_83349418_83350238	623	186	98	131	131	120	197	208	131	273
chr14_85184213_85185174	269	167	256	154	179	218	103	359	192	436
chr14_85216859_85221779	787	590	656	722	722	525	722	525	984	1115
chr14_85664138_85664553	94	127	116	50	205	94	77	50	116	160
chr14_89472965_89473273	82	86	70	37	37	90	45	33	74	41
chr14_98197852_98198709	149	183	114	80	171	411	137	126	274	103
chr14_105987955_105990645	323	359	1004	466	646	574	430	753	610	287
chr15_21336816_21339396	619	963	241	688	241	550	275	275	275	585
chr15_23738110_23742292	1394	613	725	725	390	1338	558	446	781	446
chr15_28287969_28291882	835	939	1148	1409	730	417	1513	417	678	1148
chr15_29071134_29072025	83	178	178	107	511	261	238	143	249	190
chr15_30434237_30434425	65	18	35	58	50	38	33	45	105	20
chr15_31251121_31255351	564	4061	508	902	564	620	902	733	451	620
chr15_43898131_43898948	153	414	163	98	153	621	120	76	109	196
chr15_45980810_45982756	234	493	701	597	908	311	649	778	571	208
chr15_47709551_47714151	491	675	491	491	552	859	613	675	613	552
chr15_51525084_51529248	1444	1888	999	777	944	444	1166	1110	611	1055
chr15_52984416_52988114	641	838	1183	888	838	641	838	1085	838	542
chr15_54720241_54723473	948	1681	646	302	646	733	474	1508	345	646
chr15_55821854_55823996	286	857	257	314	286	514	257	314	457	343
chr15_61529456_61531836	698	381	349	317	349	666	603	222	413	476
chr15_61577133_61579004	274	200	200	399	225	175	249	848	349	274
chr15_66392838_66394959	198	311	283	226	452	283	481	509	792	198
chr15_68167979_68172154	445	501	1614	779	2171	2338	1002	1948	668	1781
chr15_68964496_68965138	334	94	128	180	188	146	128	128	197	94
chr15_69315966_69320705	632	1074	1201	1074	505	1011	569	1137	632	1074
chr15_74793659_74796387	727	327	436	1309	473	800	436	1018	473	546
chr15_74883185_74883845	62	176	475	282	97	282	70	79	97	70
chr15_75376640_75379901	522	826	522	391	1000	1087	391	391	478	522
chr15_79110012_79114193	725	725	1784	669	1449	502	1115	836	948	948
chr15_79533835_79538620	1659	638	638	1595	638	3700	510	893	1085	1148
chr15_80641739_80645447	445	989	1187	445	890	2076	346	2670	346	840
chr15_83932183_83933938	421	351	468	351	187	562	304	211	187	281
chr15_85011773_85016586	513	770	449	1219	2503	1219	1155	1412	578	1412
chr15_85407010_85409388	507	666	729	1649	919	444	285	983	539	254
chr15_90171992_90174914	857	312	545	390	351	390	584	545	818	390
chr15_92493766_92493944	28	36	26	62	24	66	31	28	21	81
chr15_94133877_94137020	712	1006	1090	922	964	1886	419	335	1006	587
chr15_99093867_99095112	216	166	232	183	116	349	332	199	232	149
chr16_6223896_6225832	800	490	516	207	232	181	284	826	490	620
chr16_9361616_9361745	53	17	12	17	36	45	46	26	22	46
chr16_9719202_9719709	54	122	135	216	95	142	95	101	142	81
chr16_12298286_12300449	490	260	519	606	577	288	202	231	577	519
chr16_14381886_14384644	368	331	1434	294	1177	441	478	699	625	368
chr16_14456512_14459511	320	480	680	480	1120	280	400	480	600	520
chr16_17142645_17144192	144	186	248	186	701	309	165	227	186	454
chr16_17519365_17523880	722	722	662	662	2348	722	1023	1625	1625	843
chr16_18213885_18215091	177	482	740	370	402	113	241	338	611	129
chr16_23400986_23403624	1477	563	563	563	422	352	598	528	387	457
chr16_28693399_28698176	510	955	892	701	764	701	828	1592	510	637
chr16_31242539_31247333	895	895	767	1023	1534	575	1214	639	575	1087
chr16_36719974_36723073	496	331	537	289	331	868	1281	496	2603	331
chr16_47068596_47068990	47	95	47	126	84	68	95	173	168	179
chr16_47924428_47927069	810	810	352	563	493	387	528	951	458	246
chr16_48864983_48867470	298	630	431	663	630	332	365	1161	265	597
chr16_50566839_50570197	1119	761	985	1925	358	672	582	1343	627	582
chr16_53505098_53508688	431	1627	574	718	670	622	431	1101	431	622
chr16_56038194_56041694	793	373	373	1307	373	373	1073	1260	560	700
chr16_58030374_58035190	514	514	1220	963	835	1605	835	771	706	2697
chr16_62471793_62472875	144	289	101	346	317	130	115	447	188	289
chr16_62978532_62981226	395	682	251	287	431	970	287	503	934	682
chr16_69616415_69617312	203	108	239	84	179	311	167	299	395	120
chr16_73982021_73983732	251	342	251	297	388	228	411	183	456	297
chr16_78678467_78683367	1372	588	653	784	457	588	1372	1829	588	1503
chr16_81554075_81557164	453	741	535	453	659	329	412	1977	288	329
chr16_83150523_83152487	183	655	707	733	602	288	183	236	288	498
chr16_85457745_85458881	136	167	227	379	409	167	121	257	121	121
chr16_86324589_86328304	743	396	495	446	991	941	495	396	446	545
chr16_86557708_86561553	513	1230	1589	1230	615	564	1282	666	872	615
chr16_86588778_86589452	162	108	108	297	90	162	144	180	117	72
chr16_86783990_86786451	459	295	263	328	361	263	328	788	1116	263
chr16_89410081_89411251	125	140	359	187	125	172	343	265	359	187
chr17_81738_84335	450	312	762	519	346	658	416	312	416	416
chr17_267671_271492	1019	509	560	764	560	459	968	917	560	866
chr17_1306629_1308233	214	791	898	171	428	214	342	342	278	299
chr17_2883116_2886318	512	1025	1153	427	939	384	598	982	1409	470
chr17_11399470_11403190	694	992	1587	397	496	446	1686	595	446	942
chr17_14981927_14984781	304	304	342	419	1294	304	799	2093	533	266
chr17_15076202_15079119	545	506	467	1050	311	428	389	467	622	1283
chr17_17107644_17109171	224	672	448	143	590	224	570	163	224	183
chr17_17738105_17740479	253	348	633	538	253	570	317	411	253	317
chr17_18912843_18914384	1233	247	185	205	205	678	370	390	452	370
chr17_20677304_20681221	2455	1201	366	1410	1306	1410	470	1097	418	418
chr17_22325815_22326389	207	145	115	69	92	84	84	77	92	61
chr17_23329204_23333186	425	849	425	584	637	1221	425	1009	372	478
chr17_23981923_23982931	202	161	108	121	470	242	336	188	134	282
chr17_25442464_25445948	743	604	650	1208	557	465	1487	697	976	1997
chr17_25536733_25536924	25	20	48	23	31	36	36	41	46	125
chr17_26598174_26602517	579	869	869	579	753	3069	753	463	1158	1274
chr17_29897359_29897809	102	192	54	54	72	126	48	72	114	96
chr17_32502708_32503610	108	601	180	204	120	168	553	204	96	168
chr17_33654904_33659095	838	838	1565	391	838	2012	1341	2068	391	559
chr17_34543016_34547220	673	729	617	1401	561	561	448	561	561	673
chr17_39394213_39396671	721	787	262	754	295	262	229	623	262	426
chr17_39592800_39597116	1266	633	691	460	518	518	691	3395	1381	460
chr17_46991426_46995063	1794	582	485	485	485	1649	776	582	727	582
chr17_48239853_48242860	521	682	1002	962	321	521	601	1884	481	3007
chr17_49658463_49660896	227	746	357	422	811	941	584	487	811	551
chr17_52457374_52458571	415	654	239	271	192	112	144	798	160	207
chr17_52708054_52709914	273	174	223	322	446	322	273	918	273	446
chr17_55203632_55203924	74	70	43	51	35	78	82	70	90	58
chr17_55219926_55223777	513	822	1694	668	822	565	411	976	822	616
chr17_55462779_55467036	681	738	511	454	738	1476	2270	681	795	454
chr17_57027445_57027547	16	11	31	11	11	12	14	12	41	12
chr17_58880374_58881271	454	108	120	120	132	251	263	287	96	383
chr17_69886096_69886651	252	311	67	111	207	59	155	52	296	111
chr17_71235163_71235777	254	246	180	213	123	180	131	82	90	90
chr17_77342576_77346953	409	817	642	525	934	1692	1517	875	700	1459
chr17_78034743_78037034	244	244	580	519	489	214	397	458	458	336
chr17_79995299_79997864	239	1060	821	752	684	342	992	445	855	616
chr17_80378824_80379247	56	45	45	62	79	169	90	169	102	118
chr18_764546_769429	1302	586	586	911	586	521	521	1237	651	1107
chr18_7547190_7551523	1733	578	636	693	924	809	2138	693	982	578
chr18_7878689_7882524	1534	716	920	511	1381	767	972	460	818	1892
chr18_9044147_9048454	459	1436	1493	1780	574	689	1493	459	1665	1551
chr18_10305580_10307833	451	541	330	300	300	391	270	240	481	240
chr18_11837738_11840834	289	619	372	495	578	495	413	330	908	330
chr18_12529817_12534176	581	407	756	1627	1976	2092	1395	1279	1453	930
chr18_14491172_14493656	364	994	1126	1225	364	2451	232	927	431	696
chr18_16601757_16604956	1024	853	299	554	427	1621	384	341	469	1365
chr18_18218548_18222113	665	333	475	428	1759	475	618	761	618	333
chr18_18940508_18944187	540	1324	1079	1226	785	1079	343	785	2649	785
chr18_19454108_19456525	387	741	516	290	419	354	290	999	387	612
chr18_20303538_20305720	262	756	698	233	291	291	524	233	524	291
chr18_21742952_21744208	318	268	754	151	218	201	218	184	117	251
chr18_23048669_23049889	586	325	277	537	146	277	179	163	130	358
chr18_25275905_25277439	225	307	593	184	409	245	777	614	327	327
chr18_26261758_26264878	291	2288	998	915	1581	374	458	499	541	374
chr18_27461391_27465196	1218	1826	609	355	660	558	507	1015	406	1065
chr18_28452144_28453954	265	169	627	338	434	362	410	410	217	193
chr18_30322193_30325751	1471	759	1471	474	569	380	2372	617	332	522
chr18_36469553_36471104	393	227	393	165	310	372	165	579	269	414
chr18_36628840_36632708	670	464	877	464	670	1496	1083	1289	825	413
chr18_37407446_37408718	170	288	305	153	170	204	153	170	373	526
chr18_43233712_43237348	388	339	436	339	824	582	921	1018	921	1357
chr18_43499914_43500535	75	116	265	116	75	290	166	157	166	75
chr18_44838983_44839229	72	23	46	43	43	26	33	72	26	36
chr18_46563546_46564349	75	343	236	225	118	535	236	128	128	182
chr18_51425810_51427361	290	724	434	827	786	227	248	331	248	165
chr18_51479519_51482034	537	469	771	1006	335	469	671	570	335	369
chr18_52789020_52793391	1748	1982	1107	525	408	641	466	641	1515	583
chr18_52855298_52858461	422	337	422	633	337	590	464	633	548	506
chr18_54119975_54123657	442	1129	442	540	589	540	442	344	540	687
chr18_63872740_63873105	92	92	58	44	224	39	97	68	49	44
chr18_66451543_66452790	349	133	166	200	133	233	266	582	183	615
chr18_67104913_67107568	319	1522	531	779	779	319	920	1593	1770	637
chr18_70069799_70072822	403	322	1330	766	403	363	887	806	846	322
chr18_71071842_71074803	316	355	592	1421	276	355	276	355	553	316
chr18_71977014_71981361	580	464	811	580	811	869	811	1449	1217	638
chr18_73283816_73287970	554	1495	831	609	609	775	1385	831	886	498
chr18_73966254_73970786	1692	1088	725	423	544	2236	1692	604	725	1632
chr18_74843379_74845651	576	273	545	333	242	242	273	1272	364	424
chr18_75533997_75534564	242	98	60	68	113	204	53	98	68	378
chr18_77187007_77189854	987	607	949	987	607	342	266	304	569	380
chr19_770532_771236	225	94	75	554	103	103	84	178	394	94
chr19_3073817_3077673	463	617	463	874	1028	411	566	1183	1491	566
chr19_5643392_5645221	244	561	1268	268	634	171	195	634	658	244
chr19_7172858_7174091	115	197	132	460	214	115	871	148	164	181
chr19_9312711_9313873	232	170	589	170	310	217	139	108	139	356
chr19_14486776_14487929	123	354	584	200	108	323	184	123	292	246
chr19_15155231_15157024	1530	383	550	191	622	311	287	359	215	550
chr19_15477518_15478606	116	421	174	435	493	174	247	145	145	131
chr19_20692474_20693773	364	520	121	260	156	329	139	208	277	260
chr19_21511997_21515984	904	372	638	638	744	691	425	1170	478	532
chr19_22200786_22201548	102	224	81	81	132	91	71	335	102	91
chr19_23936692_23939575	653	269	461	538	384	1076	692	1076	1461	500
chr19_24021647_24025696	702	1782	918	1080	1080	1404	1458	2267	864	432
chr19_24119636_24123270	630	388	1018	921	581	436	533	388	1114	727
chr19_25275468_25279020	805	1137	1800	379	568	900	474	426	1468	426
chr19_25740543_25741932	148	259	185	278	204	259	204	148	204	185
chr19_26612599_26614002	430	187	281	187	524	281	262	973	954	150
chr19_27060180_27063810	387	1065	726	387	920	920	726	436	726	726
chr19_27426829_27427323	53	211	165	105	158	165	46	105	79	79
chr19_29004665_29004848	20	20	44	22	22	27	20	22	29	59
chr19_29185698_29190627	1314	723	526	986	2234	1183	591	2366	1314	591
chr19_30447393_30451005	578	771	722	867	530	578	1060	482	433	2312
chr19_30772271_30774276	508	561	294	321	348	2165	241	1123	1150	214
chr19_34773631_34774666	248	442	179	166	373	97	138	124	110	152
chr19_36868432_36870614	786	1222	204	495	931	349	582	727	1047	524
chr19_42118988_42119867	129	188	164	129	188	141	223	270	94	94
chr19_42455178_42456566	352	278	296	259	204	259	222	148	204	278
chr19_46431025_46432184	185	139	355	155	263	155	201	155	139	417
chr19_48409165_48410659	179	458	578	239	159	139	339	438	478	339
chr19_49073550_49075565	188	215	752	322	510	269	242	322	215	752
chr19_52536705_52539797	330	1072	330	412	289	1319	907	495	1154	495
chr19_52830573_52835282	2951	1256	1005	1507	1570	1005	1507	2951	1884	502
chr19_55127104_55129201	391	308	699	252	308	308	252	447	419	419
chr19_56308896_56310083	475	475	475	206	285	142	190	1219	142	174
chr19_57027137_57029045	712	356	407	356	204	432	229	254	407	305
chr19_57658240_57662659	1237	825	884	1355	1119	825	3005	1296	1709	648
chr19_58110130_58111721	297	191	530	552	148	297	170	148	276	806
chr20_629113_630264	200	460	246	292	307	460	123	107	261	353
chr20_1498918_1502050	710	292	459	334	334	668	459	334	501	292
chr20_2285796_2290569	636	636	1209	1146	827	636	636	573	573	636
chr20_3857946_3859054	355	163	192	355	281	207	103	118	207	177
chr20_6782689_6785620	1602	313	547	313	586	1407	391	430	469	977
chr20_6986536_6991002	1548	774	476	715	595	4109	1786	2977	1012	1072
chr20_8411116_8415077	1479	739	2060	792	687	370	1215	2482	951	951
chr20_9230497_9232881	509	445	350	604	445	509	636	286	445	509
chr20_9717800_9722362	730	487	487	669	912	608	2068	487	2129	1521
chr20_10838591_10843580	466	1730	466	1596	1197	466	865	532	2395	532
chr20_11081918_11083262	125	269	520	179	412	143	233	233	143	179
chr20_11485109_11486231	314	269	120	194	539	120	224	209	135	269
chr20_12039642_12041616	763	290	368	263	421	290	263	711	237	211
chr20_14171645_14173943	306	429	306	552	950	613	398	276	306	398
chr20_14354402_14358655	851	454	567	680	851	794	851	510	3005	567
chr20_14466424_14471086	2486	870	870	1989	995	2611	684	435	995	435
chr20_15497924_15499176	952	300	300	217	167	117	134	785	134	150
chr20_15568919_15569507	204	63	141	149	110	141	314	63	110	141
chr20_16395796_16398137	250	437	531	250	437	312	343	593	718	312
chr20_16707696_16711752	1082	541	1082	811	1082	1352	649	379	487	865
chr20_18700013_18704924	1506	1964	786	1441	1964	1572	3470	589	458	1244
chr20_19179488_19181309	194	291	267	388	340	316	291	631	801	340
chr20_19725741_19727705	681	655	262	367	471	262	236	393	288	498
chr20_22136664_22139462	448	298	1679	373	634	410	560	1194	448	336
chr20_27209692_27212926	431	345	647	2027	733	1078	517	776	388	517
chr20_27240727_27242678	182	1561	312	572	312	1015	312	520	494	286
chr20_27361101_27365864	699	2477	762	826	762	953	826	1080	889	1651
chr20_29990026_29994548	1749	1025	724	1929	844	1266	543	724	1025	1749
chr20_30142529_30144416	604	302	428	352	730	201	377	252	176	226
chr20_31320591_31324032	1743	1147	1147	642	1331	1147	459	413	321	1147
chr20_31406898_31410319	319	365	821	730	639	1688	1140	593	456	411
chr20_31952186_31956108	471	1307	418	523	471	1098	418	1726	1464	471
chr20_32243206_32247510	459	918	631	459	746	631	861	1148	1492	1951
chr20_34204650_34209152	1141	2641	840	1020	900	1261	660	3241	1441	480
chr20_38812515_38813437	184	135	258	172	246	332	123	148	246	86
chr20_40971247_40972524	1090	170	204	358	289	136	579	238	238	187
chr20_42495402_42498918	609	2813	563	938	375	656	609	563	1031	375
chr20_44180924_44184351	503	1325	1599	366	548	366	366	640	685	320
chr20_44534269_44535033	265	153	102	81	71	132	479	173	224	377
chr20_45241017_45245637	1355	986	3758	2649	678	1910	431	739	554	1170
chr20_46772718_46775405	251	609	2544	1111	1075	466	1218	609	1146	251
chr20_47565984_47569547	380	428	1330	713	333	1093	570	1758	950	570
chr20_47925337_47930266	591	1577	2432	657	1052	526	591	1052	2103	789
chr20_48451851_48451983	19	26	19	26	35	42	21	42	16	16
chr20_50546958_50549731	296	407	924	481	666	629	813	296	518	518
chr20_55360369_55361688	317	528	492	774	281	193	176	404	158	721
chr20_56190718_56191745	110	192	178	110	164	876	178	178	96	110
chr20_63363366_63363904	86	93	158	187	230	93	100	79	201	57
chr21_5392822_5393348	168	63	63	70	63	259	49	98	210	49
chr21_5554756_5555554	128	192	128	213	128	181	117	266	202	415
chr21_7111879_7116858	1660	1925	929	1593	1527	1261	1461	1062	597	664
chr21_8999030_8999724	268	65	120	157	83	120	204	176	130	157
chr21_9363810_9364382	99	99	61	160	191	69	130	76	76	183
chr21_10392540_10392977	76	64	198	163	58	105	76	117	52	41
chr21_10488933_10489903	103	168	103	116	103	142	116	711	349	323
chr21_11837052_11841253	1288	2129	1232	1064	952	1288	2016	728	1400	392
chr21_11878501_11883317	1605	1413	642	771	835	449	449	1734	514	835
chr21_11963811_11965525	526	183	640	1006	434	366	320	229	297	183
chr21_12570324_12571996	379	245	647	557	602	334	268	513	647	334
chr21_13122525_13124976	294	556	915	425	523	523	392	523	948	294
chr21_14157149_14161999	1423	647	1746	1811	1035	647	841	711	582	776
chr21_17053093_17055552	492	656	426	328	689	852	459	230	459	525
chr21_17552957_17557800	1550	710	517	1162	775	775	517	2712	775	775
chr21_19013628_19016257	806	526	315	876	596	631	666	245	631	456
chr21_19320591_19324519	419	576	628	1205	419	1309	419	1414	733	733
chr21_23738489_23742216	447	398	944	1342	348	745	696	447	447	1441
chr21_23869206_23871073	224	224	174	199	349	224	473	274	448	423
chr21_25258840_25263071	733	508	1128	1015	395	1805	959	903	564	508
chr21_26976630_26980482	462	924	565	565	565	1387	1284	719	411	719
chr21_27315904_27319937	430	1022	430	376	1344	484	645	699	1506	914
chr21_27792906_27794634	184	253	438	253	737	276	346	230	300	184
chr21_32263737_32264684	114	126	139	152	404	581	455	189	189	101
chr21_32973127_32973405	30	74	107	30	52	89	52	111	148	44
chr21_33219975_33222788	263	713	525	675	900	488	263	375	788	600
chr21_35778369_35782147	2166	2015	353	1713	655	907	353	655	554	1007
chr21_36329565_36330479	292	414	97	85	146	122	110	85	110	158
chr21_37708699_37713265	2070	852	852	1339	426	426	1035	1522	1278	1948
chr21_38999917_39002066	1032	315	1175	458	917	1318	287	2092	802	287
chr21_39332989_39334719	415	415	277	484	1199	415	877	277	346	231
chr21_41082088_41086561	596	1074	954	656	596	2326	477	596	1074	895
chr21_42335858_42336907	308	392	98	1035	196	154	182	322	140	392
chr21_45415423_45419319	831	519	364	519	623	1403	416	519	1247	727
chr22_12434462_12435575	134	282	119	534	119	416	178	134	104	252
chr22_13456624_13459926	2069	704	1629	2289	881	308	616	352	969	660
chr22_13468837_13471920	1357	493	452	575	658	1028	617	699	370	1233
chr22_13586355_13587315	230	192	435	435	243	166	115	90	294	320
chr22_13891886_13896652	635	508	1398	763	1970	508	572	445	1207	1271
chr22_18039576_18042191	244	732	314	1046	349	558	279	523	593	384
chr22_19550054_19555037	598	1196	1196	2060	864	598	598	3654	2126	1462
chr22_20509911_20510858	126	126	139	265	88	253	189	379	164	126
chr22_22824483_22827112	386	876	1192	315	421	736	315	1052	736	386
chr22_23018317_23018478	19	39	17	32	24	15	47	79	21	47
chr22_23592372_23592517	23	39	23	17	56	15	33	19	48	15
chr22_25400170_25405043	1040	1234	780	2144	1429	1105	650	3509	1234	585
chr22_26098078_26100388	246	708	339	1263	2125	524	1386	1786	308	400
chr22_26766110_26769834	844	2433	546	844	645	397	794	497	645	447
chr22_27543984_27546455	297	560	297	264	362	593	362	791	297	297
chr22_29200222_29204308	545	2016	599	1199	381	545	381	1199	2070	654
chr22_30487580_30488616	111	111	97	124	249	193	111	235	180	111
chr22_34055898_34060210	862	1495	402	1897	517	1092	632	517	632	920
chr22_34193370_34197005	533	727	630	921	1018	436	824	339	339	339
chr22_35352585_35355505	934	740	389	506	311	973	818	1986	428	584
chr22_36036823_36041317	1019	2517	659	1198	1438	2217	479	2217	419	659
chr22_36129415_36133479	488	1842	433	433	1030	1842	759	650	650	542
chr22_40259132_40259835	159	150	94	112	103	272	84	103	234	84
chr22_41964060_41968830	1399	954	827	1717	827	572	636	445	572	1781
chr22_42188544_42189657	326	356	356	208	178	178	564	193	564	608
chr22_42671859_42672707	373	192	373	136	328	90	147	237	351	136
chr22_43775149_43779362	786	562	618	1685	4213	730	1067	449	2191	843
chr22_43875543_43878585	892	1176	2109	406	324	1217	933	487	487	365
chr22_44528207_44529698	258	398	676	318	258	159	159	1054	219	179
chr22_44804169_44807381	514	514	642	2698	771	1071	685	899	771	514
chr22_45591811_45596128	576	748	863	979	806	1266	1094	1151	1151	460
chr22_46998740_47000354	430	237	560	473	194	516	215	215	172	280
chr22_47448418_47451689	480	1134	1657	1178	785	523	654	1003	393	654
chr22_48878975_48881985	401	883	1084	843	562	361	923	682	1405	281
chr22_50303196_50306107	776	349	699	1708	388	1203	543	311	272	815
chrX_1152807_1155373	411	308	479	411	1403	376	308	855	753	274
chrX_3251710_3255719	1497	909	695	855	641	1016	641	641	2619	428
chrX_4888332_4890976	458	881	881	635	458	282	388	635	282	564
chrX_5126763_5129770	281	321	1042	361	281	762	561	601	842	441
chrX_5487500_5491471	477	529	477	635	529	477	371	477	635	1694
chrX_6020967_6021106	15	13	100	15	32	44	70	17	52	19
chrX_6134379_6135989	386	236	193	301	623	451	687	644	687	193
chrX_8440255_8442320	248	413	798	716	468	441	303	193	633	1074
chrX_10688181_10691893	841	1435	2277	891	396	396	594	742	445	495
chrX_15757660_15760825	422	380	717	1266	380	1646	1983	295	464	1055
chrX_16994277_16996757	1422	430	298	265	265	496	595	1157	628	397
chrX_19854886_19859250	524	1396	815	756	756	407	582	698	989	698
chrX_21316701_21320292	1580	766	575	2250	670	335	1819	527	479	431
chrX_22285520_22289006	1116	790	465	883	1162	418	604	372	372	325
chrX_25846454_25849583	375	668	501	1210	542	1502	417	459	834	375
chrX_27141631_27143154	426	183	528	853	244	305	223	142	650	589
chrX_28531940_28534493	477	408	1157	511	272	919	272	511	613	647
chrX_28752613_28755538	351	780	507	546	936	819	312	546	819	624
chrX_32025082_32028500	1823	365	729	2233	684	410	820	684	684	592
chrX_32787949_32791708	2706	2907	702	702	802	1754	752	902	451	551
chrX_37473704_37478395	1313	1939	2439	1376	500	1751	1001	500	438	625
chrX_39940521_39942759	298	298	358	895	806	209	686	448	388	746
chrX_40386102_40390855	444	3359	1584	2155	887	570	1014	1141	951	1965
chrX_40397841_40400411	1062	617	617	308	1405	548	411	377	343	240
chrX_42375845_42376425	70	201	70	62	170	139	70	85	193	54
chrX_51293248_51297075	867	2194	2653	867	663	1072	459	867	408	612
chrX_52425894_52426901	336	242	148	765	470	161	161	134	121	107
chrX_57024110_57027094	756	796	279	398	358	597	279	676	1870	1512
chrX_68452859_68453148	35	50	35	54	58	158	27	62	62	46
chrX_68539878_68543299	319	411	593	365	912	1140	1232	547	639	684
chrX_71926911_71928753	319	246	467	712	540	196	221	663	221	344
chrX_75146136_75149836	395	937	740	888	691	395	345	543	987	395
chrX_75259244_75263588	405	521	463	1853	811	579	1100	869	1448	1043
chrX_81786274_81789442	634	549	549	676	1732	338	803	803	591	591
chrX_87826874_87830063	553	468	1020	510	340	553	298	638	468	893
chrX_91446365_91451091	504	2079	504	1071	693	1008	693	882	1260	819
chrX_103694838_103699035	783	2071	2015	1231	783	783	2294	951	616	504
chrX_106665290_106667034	1186	465	442	814	721	233	349	233	163	837
chrX_109516611_109517795	126	300	205	332	221	237	142	142	237	300
chrX_111962343_111963359	257	339	190	135	135	163	339	312	217	122
chrX_116717724_116720686	395	474	553	316	434	632	276	790	592	908
chrX_121925227_121929741	421	602	843	542	1384	1204	722	1023	421	843
chrX_124596434_124597358	111	333	99	99	296	99	246	136	172	136
chrX_128072773_128074153	147	294	166	129	239	386	184	515	386	331
chrX_134957036_134960500	554	1155	1155	462	416	416	924	554	1108	647
chrX_135004456_135005634	251	204	518	251	597	188	534	110	283	188
chrX_137214085_137215598	161	403	282	161	182	182	343	222	363	1069
chrX_137514888_137515786	419	192	359	204	132	120	108	156	299	287
chrX_148114348_148117044	431	359	252	288	359	971	324	539	288	791
chrX_148642319_148643550	509	148	230	591	131	148	361	230	131	148
chrX_150416065_150419590	1457	611	1222	564	1081	1269	705	846	799	1081
chrX_155409672_155414545	1234	2599	975	650	1299	715	650	845	910	845
chrY_228113_232987	780	1365	585	1365	1040	1235	1365	1950	520	1170
chrY_262619_265284	355	640	1030	320	711	462	320	675	533	817
chrY_843329_847745	1001	1354	530	765	648	1825	707	1119	765	1178
chrY_4078240_4080843	590	625	555	382	416	590	694	555	694	347
chrY_4640822_4643266	358	880	424	293	521	554	424	489	456	456
chrY_5087257_5090141	269	308	538	731	346	654	615	385	423	269
chrY_5225701_5227841	685	228	342	228	628	257	1227	342	371	200
chrY_5507721_5511092	674	539	1798	449	360	809	584	360	539	449
chrY_5512847_5514742	404	253	227	455	1061	834	556	253	581	1642
chrY_6971019_6972911	303	454	353	177	303	656	580	681	177	605
chrY_7900476_7904652	1336	891	612	891	557	390	835	1225	1837	557
chrY_8097386_8099976	414	345	622	587	518	622	276	276	587	345
chrY_8232582_8234094	383	1270	161	544	181	302	504	202	262	363
chrY_9787116_9789781	675	569	746	355	391	1102	569	533	320	569
chrY_11121205_11124193	398	518	319	797	558	398	1155	876	956	598
chrY_16061907_16064326	419	645	387	387	806	645	387	290	226	484
chrY_16138772_16140311	226	226	492	410	575	308	226	287	328	472
chrY_16370615_16372665	410	410	984	273	355	219	246	738	191	383
chrY_17019902_17023900	693	426	1279	2132	1386	693	640	1333	426	1173
chrY_18893134_18893971	402	100	290	89	134	100	212	246	167	301
chrY_19231669_19233703	570	407	976	597	353	434	271	353	271	542
chrY_19791396_19795485	654	872	654	709	763	709	1036	1145	436	1745
chrY_20203574_20205920	751	250	250	876	344	438	282	250	313	438
chrY_20971887_20974606	580	1341	689	580	435	290	689	689	290	1088
chrY_21250927_21255758	709	1353	1159	837	966	580	1610	966	1353	1031
chrY_21553136_21554280	702	107	214	259	686	305	168	397	351	412
chrY_23547759_23549385	217	173	520	585	282	217	238	477	499	152
chrY_24647742_24649122	258	239	147	423	166	147	202	166	129	129
chrY_24863397_24864267	406	348	104	128	81	104	139	116	406	116
chrY_25968696_25972283	478	909	383	670	478	1052	2487	430	670	717
