chr1_626771_627149	87	72	132	30	38	57	34	57	76	30
chr1_4139459_4142601	408	1257	408	534	346	534	408	503	377	408
chr1_5628074_5628520	125	183	94	125	62	54	45	107	67	103
chr1_5698648_5699435	134	134	409	126	71	71	79	110	55	197
chr1_19293964_19295523	156	187	390	156	156	359	249	125	203	109
chr1_23151028_23155833	817	865	481	1009	336	625	625	1730	1009	2066
chr1_33919198_33921189	438	239	498	219	757	199	159	199	319	418
chr1_36750206_36750927	94	79	187	58	79	79	137	159	130	94
chr1_39176818_39180572	300	300	601	526	338	863	338	1427	1727	676
chr1_44566678_44571496	1542	385	385	1783	434	530	1445	578	434	1445
chr1_50354830_50358437	433	577	577	505	1046	361	541	397	361	1190
chr1_63473998_63476149	366	495	344	1032	172	194	624	258	387	280
chr1_78822048_78826970	1920	443	591	591	345	837	443	640	788	492
chr1_79265102_79268683	466	251	251	251	322	394	824	358	1361	466
chr1_80701697_80706055	1264	523	436	1395	1569	523	784	610	872	523
chr1_83563633_83568170	817	771	318	544	1089	408	318	771	1044	1588
chr1_85402822_85403752	260	93	223	65	65	363	65	102	93	140
chr1_91270909_91273237	512	256	279	233	629	326	163	489	256	349
chr1_94242107_94243897	286	161	376	125	358	143	161	143	340	197
chr1_102486514_102486670	19	23	16	19	12	12	22	31	12	62
chr1_107002976_107003667	242	138	221	124	76	69	297	173	104	83
chr1_118705348_118707279	367	290	193	154	290	174	521	193	212	154
chr1_119877977_119879012	114	269	83	135	207	176	197	83	145	352
chr1_125005859_125008969	342	311	280	373	249	498	280	249	1337	809
chr1_146338343_146338870	47	111	47	42	142	179	153	37	148	132
chr1_158890726_158893129	360	841	865	625	553	649	192	168	240	264
chr1_160497778_160501553	1133	2303	340	264	340	415	340	378	566	604
chr1_162980469_162983094	709	289	236	368	420	263	263	630	315	551
chr1_166510359_166512967	600	522	496	365	313	626	339	235	417	313
chr1_166687778_166690548	526	360	831	443	693	305	499	665	526	416
chr1_167840588_167845363	382	478	955	621	812	573	478	334	669	812
chr1_178383467_178386103	316	633	290	185	844	290	290	448	501	738
chr1_184465680_184469568	622	389	583	467	816	428	428	350	700	778
chr1_197599409_197601190	196	214	232	499	445	160	160	356	249	232
chr1_200078964_200083764	576	912	768	576	720	672	720	768	384	576
chr1_200140568_200141190	193	50	249	81	93	56	106	106	68	62
chr1_207297729_207299902	217	217	261	695	196	196	239	435	174	326
chr1_215447584_215452097	361	722	2753	361	767	496	767	722	361	632
chr1_216476579_216476890	75	68	28	34	37	65	106	47	31	62
chr1_217049885_217050777	143	241	116	107	89	71	187	348	250	89
chr1_217396152_217396596	58	31	93	67	102	67	44	53	40	53
chr1_221043680_221044065	116	62	39	104	96	27	46	27	42	85
chr1_221212795_221216625	498	268	498	268	766	345	536	1609	306	689
chr1_223305163_223309279	453	1482	947	1441	1029	1029	947	494	1276	1358
chr1_231147928_231148398	85	61	85	52	150	38	38	38	132	146
chr1_242874452_242877018	334	257	334	411	257	359	411	539	257	257
chr1_246103880_246105895	161	181	202	866	181	222	202	141	625	181
chr2_2287522_2291189	660	587	367	1027	550	807	623	843	623	367
chr2_3222024_3226356	390	433	1213	606	477	1256	606	563	477	477
chr2_4988465_4991718	1561	325	748	520	488	260	390	1366	781	748
chr2_5906690_5909675	537	299	328	806	507	1104	358	299	299	328
chr2_8528540_8532201	1318	476	366	622	1281	622	1281	586	549	1721
chr2_8576617_8576786	12	12	35	46	14	37	37	19	15	52
chr2_10896473_10900414	906	394	512	355	512	867	709	906	394	867
chr2_21504855_21505154	42	57	60	69	63	81	63	27	36	27
chr2_22354163_22357627	312	1420	312	450	1074	970	485	1005	624	1074
chr2_38541943_38543684	313	279	157	174	331	731	139	261	279	279
chr2_41674288_41674846	61	346	179	106	61	123	140	39	89	117
chr2_43172704_43174948	516	247	539	224	224	180	224	269	718	516
chr2_47626687_47631312	370	740	1295	971	463	601	1249	324	555	324
chr2_50513805_50514928	168	101	225	101	135	79	124	270	101	191
chr2_56856931_56860570	655	291	255	2111	255	801	1019	437	728	400
chr2_57711162_57712721	374	156	140	171	156	249	1232	140	312	109
chr2_59586383_59591382	600	650	500	650	1250	1700	1050	800	450	550
chr2_59935014_59936506	194	209	194	149	164	164	209	269	433	477
chr2_62517809_62520009	330	176	374	176	528	638	308	418	242	154
chr2_62852547_62855088	381	254	534	839	254	610	407	254	203	559
chr2_65181815_65184422	391	313	261	782	339	235	339	730	991	339
chr2_71326061_71330334	299	342	427	1026	385	470	385	385	1453	598
chr2_93932739_93935629	578	318	260	809	260	231	1098	376	491	462
chr2_100724480_100729163	375	843	702	1030	1124	2014	1218	562	1358	468
chr2_112933346_112937468	289	948	1319	453	660	412	371	1195	1731	536
chr2_126025191_126027409	399	333	311	776	288	710	177	288	710	155
chr2_144056832_144060605	566	830	1207	453	377	1547	264	1170	641	679
chr2_146829678_146830903	257	208	147	110	135	86	110	417	319	98
chr2_149775314_149780173	389	632	729	972	486	437	340	583	1458	437
chr2_150495840_150499379	743	460	1203	319	708	319	1911	354	672	531
chr2_151100126_151103504	439	2297	304	304	540	439	304	473	507	304
chr2_159596573_159600882	819	948	474	388	345	560	1336	474	603	560
chr2_164033183_164036862	809	552	258	2281	368	552	1030	625	809	294
chr2_174693530_174697882	783	522	522	392	1480	1654	827	2132	870	783
chr2_176578677_176580500	365	401	638	182	401	164	292	182	146	128
chr2_177469124_177470418	116	168	142	116	116	104	207	168	246	116
chr2_190243179_190244870	169	152	541	169	203	558	271	524	304	304
chr2_197990980_197994564	502	358	251	681	323	287	717	502	394	358
chr2_207055684_207056751	160	352	149	117	75	139	107	171	149	203
chr2_208898482_208900905	315	194	436	267	412	170	606	170	678	630
chr2_221848985_221850599	452	113	129	129	145	226	194	242	194	387
chr2_222815300_222815913	221	92	135	80	67	49	141	55	147	202
chr2_227014514_227019095	321	321	779	504	412	1374	321	1099	412	962
chr2_228804125_228807143	513	332	272	453	272	483	483	694	272	272
chr2_238307819_238311487	550	917	293	807	293	2641	807	257	880	330
chr3_237955_242231	684	556	299	513	1668	641	513	342	727	812
chr3_15954172_15956950	472	278	250	222	639	528	333	667	611	611
chr3_18286649_18288978	186	722	652	443	792	489	443	326	210	699
chr3_19369156_19372524	775	1044	808	1044	236	269	337	1010	606	438
chr3_20940713_20942350	311	147	229	180	262	164	164	115	491	115
chr3_25193171_25196993	459	268	268	650	1185	420	382	306	994	420
chr3_25443486_25447298	343	572	343	1258	953	305	991	1029	572	610
chr3_27221088_27225775	562	609	516	703	375	1734	328	750	516	1406
chr3_41264170_41268018	1270	346	346	385	385	346	269	2039	693	1462
chr3_42099003_42100176	106	164	82	258	211	117	94	786	106	164
chr3_43000530_43005154	1387	509	647	1017	370	1665	370	324	1711	324
chr3_56252183_56256564	2103	438	526	832	438	394	920	482	394	701
chr3_71774772_71775971	132	84	408	204	168	192	108	192	552	156
chr3_74388662_74392340	772	441	1508	515	552	368	809	662	441	2060
chr3_74801862_74802439	63	98	92	46	52	121	52	144	63	202
chr3_83983174_83984008	350	225	75	167	67	75	158	284	250	100
chr3_89237008_89239931	1023	468	1637	1432	614	614	555	351	263	292
chr3_90500665_90504667	800	600	280	680	1001	920	560	320	440	320
chr3_92203292_92207483	419	712	1341	503	377	587	629	754	712	712
chr3_93433965_93434474	46	71	56	56	81	51	76	46	102	46
chr3_95924883_95925607	123	203	58	181	58	109	152	130	58	51
chr3_96536735_96539075	328	398	281	211	608	164	211	655	257	187
chr3_98947550_98951276	484	410	633	633	410	335	782	596	261	596
chr3_99165965_99169934	754	675	873	357	595	318	1072	1270	397	1508
chr3_105755717_105756474	106	91	121	68	159	204	310	182	114	167
chr3_118276903_118281617	471	377	990	566	1650	424	1131	801	566	1131
chr3_121340423_121343621	959	512	1055	384	480	224	672	991	384	384
chr3_127973395_127977968	823	2332	457	457	594	412	1235	457	320	503
chr3_130549381_130553700	475	346	734	605	346	432	1728	950	1987	346
chr3_130629516_130632854	334	334	668	1035	601	1335	300	768	401	901
chr3_131868011_131869940	193	868	444	154	193	386	270	289	289	174
chr3_134722624_134725139	201	302	302	453	604	201	428	252	402	377
chr3_137942175_137945053	1353	576	288	432	345	403	259	374	345	1583
chr3_149393662_149394881	134	390	146	122	158	232	195	219	232	366
chr3_152593565_152598215	605	419	2046	1256	558	1163	651	1628	419	1070
chr3_157784596_157784862	72	21	80	35	48	45	21	80	59	45
chr3_177127990_177128915	176	148	148	176	305	120	241	157	83	111
chr3_178001208_178006038	1401	966	821	869	966	435	580	628	483	725
chr3_191645715_191646783	513	246	85	214	96	310	107	107	288	96
chr3_193519946_193522198	248	383	180	338	518	428	180	293	495	225
chr3_197871926_197873415	179	223	134	268	313	164	164	298	447	328
chr3_197962758_197964528	655	159	177	159	124	124	177	159	177	159
chr4_710431_714167	560	523	1569	299	448	299	262	374	635	523
chr4_7857091_7859345	180	270	879	451	203	969	564	225	811	338
chr4_14225479_14228744	751	261	392	457	457	294	392	555	424	229
chr4_15266225_15271157	592	493	1381	1184	2515	937	543	1134	641	444
chr4_24640896_24644198	759	1750	231	363	264	231	231	594	429	892
chr4_33232047_33235960	352	704	509	509	391	783	352	391	391	900
chr4_46068790_46070832	184	143	286	163	265	265	408	245	204	184
chr4_54903009_54906105	1207	1053	464	372	743	248	217	588	217	1053
chr4_56637168_56637832	46	159	246	126	80	93	266	206	139	179
chr4_57386763_57389795	576	273	273	515	303	212	758	515	485	546
chr4_60611075_60611628	100	88	127	44	72	88	94	55	133	66
chr4_60868215_60872278	609	488	1991	366	488	609	366	406	731	1056
chr4_68440350_68441894	247	154	232	170	124	293	154	108	309	185
chr4_72273206_72276629	308	274	582	342	411	308	479	856	479	479
chr4_73818228_73822848	832	785	416	4481	739	647	416	323	462	832
chr4_88092895_88094266	110	206	247	233	206	206	151	274	110	137
chr4_89423699_89424846	482	229	172	161	161	310	115	241	92	80
chr4_89824193_89826321	1192	192	170	213	362	149	170	362	192	170
chr4_90527477_90528625	149	207	92	161	115	92	276	207	149	149
chr4_91119743_91121370	765	146	114	374	163	130	765	358	114	130
chr4_94058806_94060118	341	131	144	302	184	131	144	131	236	118
chr4_99874913_99875054	23	30	16	28	32	34	16	24	13	10
chr4_103409377_103413138	903	903	301	301	527	376	451	677	451	376
chr4_104545530_104548206	1044	428	214	428	401	642	723	508	214	696
chr4_106898742_106901106	473	378	284	213	544	260	449	236	213	496
chr4_107166849_107167515	60	100	60	133	80	193	87	87	160	107
chr4_109295124_109298382	456	326	880	261	554	326	424	391	619	912
chr4_116548852_116552290	275	344	481	619	997	722	275	309	550	619
chr4_122587721_122588888	420	245	257	93	152	105	152	303	175	105
chr4_124228911_124233836	443	887	443	493	1034	443	739	3940	1330	985
chr4_126374013_126374197	28	18	15	26	20	13	26	26	17	22
chr4_133540229_133540957	95	284	102	211	138	80	73	175	116	116
chr4_141382165_141383268	154	254	154	88	165	265	221	121	265	99
chr4_142647496_142651701	757	1219	463	757	715	1009	757	378	1009	715
chr4_145407331_145411035	370	556	593	1037	370	370	333	519	1222	296
chr4_147355823_147359150	566	499	832	333	599	865	1264	599	333	433
chr4_148900325_148904543	337	675	295	633	380	970	464	759	337	295
chr4_158524525_158525081	44	83	67	89	72	122	89	78	111	245
chr4_160689244_160691685	391	415	903	366	244	195	488	244	610	561
chr4_166399162_166399807	45	110	194	52	45	90	45	52	65	206
chr4_169828238_169831322	370	247	339	771	956	740	555	678	1542	308
chr4_173158939_173161815	259	201	374	374	489	661	834	345	345	403
chr4_175931299_175934338	1520	243	425	638	547	425	1155	274	760	243
chr4_185283448_185284410	87	115	87	135	173	260	87	260	173	231
chr4_187141296_187145555	426	1278	383	426	426	426	468	468	724	468
chr4_187406461_187409108	556	344	582	212	662	265	529	212	503	397
chr4_188501345_188503363	343	303	303	464	161	182	464	262	262	525
chr4_188911376_188915645	512	384	512	512	1323	1153	512	854	470	512
chr5_3740036_3743896	425	347	1235	386	386	1660	1004	2702	618	772
chr5_7429038_7432440	851	646	272	885	272	340	374	340	782	953
chr5_10005186_10009338	2284	457	498	1080	498	457	374	1204	1993	706
chr5_18668772_18672715	789	434	315	355	355	513	749	591	631	473
chr5_18789355_18789886	53	48	58	53	117	48	48	69	69	37
chr5_19073905_19075535	342	359	277	261	163	831	326	130	163	831
chr5_22681215_22684138	789	468	731	818	409	322	292	526	292	965
chr5_24727091_24728457	164	273	96	137	219	260	150	342	137	382
chr5_29827010_29830206	415	447	2013	320	511	863	256	1502	959	256
chr5_35171884_35172808	305	74	222	92	83	203	139	74	176	74
chr5_41030205_41031782	173	205	142	300	142	110	378	221	237	300
chr5_42038132_42041788	658	512	548	987	402	1316	292	731	804	622
chr5_48506586_48511055	1028	536	804	536	402	849	536	1073	938	402
chr5_50017126_50021830	1317	470	894	612	376	470	988	659	517	470
chr5_51819316_51823488	834	626	417	668	542	417	960	1085	417	292
chr5_52236773_52240321	568	390	710	497	355	390	603	993	1313	1242
chr5_53311457_53313124	217	200	167	267	250	483	167	117	150	217
chr5_81556384_81556660	50	41	188	33	41	39	94	30	28	22
chr5_82334060_82337309	390	585	552	292	487	390	520	292	552	487
chr5_83748760_83753655	832	587	587	881	1273	441	1224	343	783	930
chr5_85012800_85013434	89	114	114	178	342	57	70	101	70	184
chr5_85198632_85203499	1071	633	1119	1265	779	438	389	1071	681	341
chr5_107064487_107069247	2761	762	428	428	809	619	1476	714	571	1428
chr5_113673444_113677848	528	1806	661	617	396	749	396	440	484	352
chr5_125279958_125280097	39	29	21	28	26	75	50	13	13	28
chr5_125404536_125407637	310	682	806	310	806	372	279	434	713	310
chr5_125411480_125416325	969	678	824	678	436	388	969	969	485	1357
chr5_126513767_126517250	871	1811	383	418	313	279	557	418	1254	1149
chr5_127276261_127278954	215	215	323	323	323	404	242	189	619	862
chr5_127729982_127734934	396	792	396	446	594	693	743	1288	545	396
chr5_127906806_127909563	910	524	634	634	551	248	248	607	579	717
chr5_128431375_128434891	844	1547	1160	281	352	563	281	668	316	1266
chr5_130321655_130325437	303	492	681	794	303	567	265	529	1021	340
chr5_137957877_137958726	212	76	170	238	68	68	102	119	289	450
chr5_138815216_138816365	161	115	161	264	103	322	126	529	218	138
chr5_140001157_140003546	526	287	502	502	215	764	311	526	717	191
chr5_143383928_143388893	546	844	1142	447	943	645	993	1192	1092	1539
chr5_143476268_143478914	265	582	688	423	238	212	503	212	450	635
chr5_143825140_143827288	344	516	236	236	1010	215	451	709	172	150
chr5_144459470_144462371	667	261	232	667	232	319	609	319	435	232
chr5_144751556_144752296	104	81	474	59	170	111	163	192	133	89
chr5_147954575_147957589	271	362	663	332	512	603	452	332	754	452
chr5_160950180_160953842	513	330	732	623	476	623	330	439	256	842
chr5_167494336_167497614	262	1115	852	590	852	623	262	656	688	262
chr5_174123551_174124738	261	154	178	154	95	487	107	344	320	142
chr5_180883910_180885295	125	346	512	125	388	554	166	166	139	499
chr6_3512359_3517037	327	468	468	702	421	1450	702	1778	982	608
chr6_4389927_4394474	364	1364	818	1319	409	1410	1773	546	818	455
chr6_5631215_5634864	474	547	401	1058	255	292	474	328	511	255
chr6_6082122_6087069	693	940	792	841	1237	346	1682	1583	544	1237
chr6_9891549_9893283	156	139	156	381	295	520	329	139	642	156
chr6_13189669_13191918	180	675	405	180	337	292	315	180	315	157
chr6_14385988_14389078	278	216	989	1020	247	309	989	464	340	711
chr6_14709714_14712617	1074	261	232	290	319	232	261	348	348	1016
chr6_19785849_19787991	193	214	685	536	171	300	193	685	193	257
chr6_20857604_20860692	432	1297	1204	247	1112	648	741	556	401	741
chr6_21792732_21796501	415	716	415	1206	377	1771	678	678	565	490
chr6_27773911_27774331	76	67	55	88	80	34	42	97	105	76
chr6_31098930_31102245	961	298	232	365	464	729	232	464	663	398
chr6_36151165_36152322	255	231	81	231	359	81	764	359	451	231
chr6_37515258_37520041	1961	909	383	813	430	717	717	574	813	765
chr6_47344561_47348783	633	338	422	422	760	380	718	633	338	887
chr6_52924075_52926172	189	902	168	189	273	252	168	210	168	168
chr6_53346317_53346896	81	145	87	52	52	208	104	46	41	87
chr6_53991488_53993786	391	184	529	460	919	552	299	827	322	919
chr6_55823650_55824368	122	86	237	93	79	86	50	201	129	136
chr6_56884515_56888920	925	1277	969	617	1145	1145	1101	661	661	485
chr6_60634701_60638266	285	499	856	428	856	285	392	784	499	570
chr6_65655519_65655628	10	11	11	9	9	20	9	37	25	12
chr6_68908304_68908772	70	51	98	70	47	33	33	80	154	173
chr6_69259184_69264020	532	1064	387	822	967	532	580	532	629	484
chr6_69506999_69507230	18	25	30	25	35	72	18	25	37	37
chr6_71924482_71929470	449	898	349	399	499	449	798	848	998	1197
chr6_77141061_77141209	18	24	46	13	12	21	41	22	33	18
chr6_92992302_92992803	85	90	40	65	55	35	35	205	60	40
chr6_95677371_95680232	544	229	315	429	200	257	2031	372	401	744
chr6_97306670_97308830	691	151	173	259	367	216	238	346	151	346
chr6_104943868_104947965	287	369	942	533	737	574	328	533	451	287
chr6_110114279_110119035	761	666	476	523	428	2378	999	523	618	428
chr6_113750005_113754554	591	409	318	364	910	1274	1001	409	1183	409
chr6_120695400_120698255	485	343	257	485	514	286	514	400	685	314
chr6_120844579_120848099	563	528	810	986	458	704	598	458	915	810
chr6_121665698_121669248	604	320	533	462	568	497	355	284	320	710
chr6_123180801_123182200	280	238	168	196	168	112	98	448	140	392
chr6_127011312_127011620	28	55	52	34	74	166	77	77	59	28
chr6_127787678_127791788	370	370	740	329	493	411	740	986	493	411
chr6_134713471_134715163	237	135	338	203	288	626	355	406	457	525
chr6_139904996_139905765	100	115	69	223	100	77	215	123	277	277
chr6_141709013_141711420	193	433	313	193	361	241	193	578	217	433
chr6_142121894_142124852	710	532	355	444	296	355	385	296	1183	385
chr6_145890774_145891522	75	269	239	52	82	82	165	120	90	112
chr6_156876326_156877526	132	108	144	168	468	120	96	168	240	132
chr6_164640942_164644551	1696	253	505	289	686	1083	541	433	830	325
chr7_2016128_2019548	1676	239	684	650	1060	308	513	410	445	616
chr7_3845833_3849674	269	499	384	538	538	499	538	423	691	384
chr7_4725557_4729754	378	1091	504	462	672	420	755	797	546	546
chr7_12508685_12510881	198	154	329	220	483	264	198	242	329	307
chr7_15137293_15138592	299	598	169	143	143	117	195	364	156	351
chr7_16810109_16810477	48	29	44	66	59	40	96	37	77	40
chr7_20339491_20341582	167	167	230	293	335	167	167	251	293	188
chr7_28969415_28972385	416	327	327	386	802	475	297	416	208	772
chr7_29150467_29154369	312	390	468	624	976	429	468	312	1171	351
chr7_33615108_33615903	87	143	95	56	80	183	127	72	56	87
chr7_34080042_34082679	264	290	475	501	316	580	211	580	264	1055
chr7_41134131_41137436	529	264	430	231	1124	529	264	430	661	231
chr7_41913307_41914803	165	165	150	464	135	209	344	105	554	150
chr7_46853050_46854292	186	323	99	236	161	609	137	137	335	546
chr7_53266690_53268466	249	284	124	497	373	213	178	320	249	195
chr7_53941755_53942318	73	73	62	62	282	45	124	163	96	113
chr7_58645337_58647141	541	289	487	541	162	487	577	613	902	235
chr7_59048762_59052550	379	303	455	492	417	341	833	455	947	455
chr7_61443600_61448096	719	1349	495	584	315	405	450	629	899	405
chr7_67262228_67265365	471	345	1035	659	314	408	533	220	533	251
chr7_73886742_73891728	548	399	548	748	798	449	548	598	698	1147
chr7_74615360_74617604	1122	180	224	494	426	449	292	247	247	359
chr7_83284162_83286185	202	162	344	263	303	223	202	223	162	243
chr7_85537178_85539636	664	811	1229	467	197	467	369	787	344	516
chr7_92984331_92987265	235	616	822	352	235	411	616	411	411	469
chr7_95506014_95507004	218	89	149	109	238	139	69	267	168	188
chr7_102099021_102101027	722	160	241	221	421	181	341	301	261	341
chr7_102139009_102139800	79	79	63	206	79	63	55	79	79	119
chr7_102983054_102984163	166	111	244	166	211	111	322	89	189	144
chr7_104633916_104638330	486	883	441	1148	662	1280	441	309	1148	1059
chr7_110102216_110103855	246	180	377	180	361	672	197	213	295	197
chr7_111241514_111243934	678	315	484	363	315	605	266	290	411	169
chr7_112554107_112557483	439	270	371	608	338	506	574	270	608	405
chr7_113276689_113280322	472	400	1562	1163	291	1235	327	727	291	291
chr7_115752893_115757021	1073	867	454	413	454	413	1362	537	743	289
chr7_116719548_116723535	359	758	797	718	718	758	279	478	718	598
chr7_117412560_117414053	149	239	239	358	269	284	149	119	284	119
chr7_121608421_121610545	616	340	212	319	255	467	1317	595	212	234
chr7_122272645_122273905	139	277	340	202	113	302	88	88	126	315
chr7_133954117_133955804	219	1080	675	270	304	337	725	455	270	354
chr7_134749126_134753883	999	523	761	714	523	381	856	761	1998	428
chr7_138431142_138435228	1348	449	368	735	1062	409	899	1267	368	776
chr7_139837646_139841395	525	412	375	412	337	300	487	1087	412	562
chr7_146232877_146233816	188	122	122	103	178	150	75	75	75	66
chr7_154302435_154303807	178	178	261	151	247	165	247	508	247	192
chr7_154941536_154942100	226	62	56	56	73	56	73	62	85	231
chr8_254276_257173	492	261	319	261	782	637	840	898	377	406
chr8_1640608_1643548	235	382	412	1176	617	235	1823	735	500	323
chr8_3608109_3609876	318	194	124	300	230	247	601	212	300	177
chr8_13076434_13078731	368	413	620	643	459	459	413	459	207	368
chr8_18739741_18740931	417	381	381	131	167	202	202	167	274	119
chr8_22424314_22428264	553	1462	1067	356	395	1106	672	395	395	356
chr8_29084542_29085964	299	114	156	114	313	142	284	171	341	213
chr8_31801301_31804670	337	303	371	573	303	1887	404	1112	606	236
chr8_32463739_32466629	318	260	896	347	260	318	231	347	376	549
chr8_34507140_34510518	540	1182	304	608	304	1013	372	372	507	642
chr8_41268275_41269432	127	208	116	266	162	104	266	220	231	127
chr8_42789955_42794935	1245	647	797	448	398	1892	349	647	448	349
chr8_44440636_44441550	174	210	110	174	101	137	64	238	192	82
chr8_46569490_46574204	754	660	660	801	519	377	896	330	424	990
chr8_48068789_48069003	24	41	51	26	26	19	30	30	17	21
chr8_48470518_48473859	601	635	301	702	768	368	1437	334	635	334
chr8_51430092_51433059	1632	682	267	356	208	415	415	415	356	297
chr8_53440471_53443107	369	343	1081	264	343	211	685	422	343	185
chr8_55035910_55036763	247	418	495	222	154	119	154	230	350	102
chr8_55955626_55957767	236	193	236	364	150	278	278	321	214	514
chr8_56685751_56690368	646	1062	323	462	877	600	785	877	877	462
chr8_64044522_64049159	1252	1855	325	371	974	464	371	603	881	649
chr8_64721261_64723986	845	273	327	327	191	736	818	245	572	409
chr8_65774676_65776004	332	146	266	239	199	173	199	319	146	730
chr8_67676927_67680346	308	274	581	1162	308	444	684	342	923	718
chr8_76186288_76188875	310	207	517	233	310	517	233	233	673	259
chr8_76280627_76281051	55	72	76	47	47	34	170	34	93	38
chr8_77651312_77654048	328	383	246	328	192	219	328	739	739	192
chr8_77959774_77960532	61	76	76	53	318	76	197	144	190	83
chr8_78225755_78228913	347	474	568	1137	316	221	568	379	821	1674
chr8_82608893_82610180	180	283	412	463	167	129	206	116	129	875
chr8_84880227_84882464	157	246	425	447	179	291	336	671	201	291
chr8_91230765_91235598	532	773	338	967	628	435	1933	387	338	967
chr8_92824692_92827568	259	633	316	288	230	633	892	316	259	1294
chr8_94301890_94304392	350	525	225	325	1126	575	425	175	1826	375
chr8_99042882_99044496	226	355	210	129	323	387	113	242	371	500
chr8_105267862_105271848	598	319	837	319	558	717	1435	1116	877	877
chr8_106168078_106170410	373	303	163	187	280	280	536	233	443	163
chr8_114454329_114456639	254	347	208	531	924	231	254	347	393	185
chr8_114540280_114542743	1576	197	271	246	493	222	517	296	246	616
chr8_117195016_117198915	975	1170	390	468	780	546	507	507	429	1131
chr8_122439418_122441944	480	303	278	429	1137	606	581	429	328	354
chr8_123258756_123261267	352	578	1030	352	226	226	276	326	251	301
chr8_133790700_133795526	1400	434	338	1544	531	386	1013	1689	724	2027
chr8_134777328_134779771	1026	244	708	318	537	513	635	293	440	269
chr8_135473319_135474763	202	202	159	130	159	491	144	116	289	245
chr8_136664097_136665588	194	611	134	447	298	253	119	119	343	462
chr8_138490453_138493495	608	365	1612	761	730	213	335	304	456	274
chr8_139250894_139253846	295	384	443	1978	856	236	384	561	708	974
chr8_142150611_142151139	164	111	116	69	127	90	116	90	180	58
chr8_142604805_142605361	111	167	83	44	211	56	50	72	122	267
chr9_10400869_10405208	391	651	1085	1302	738	434	911	391	868	781
chr9_19772167_19774746	335	438	799	232	232	413	181	593	258	258
chr9_21436738_21438596	260	149	297	204	130	409	260	260	465	149
chr9_23931364_23932322	96	77	144	144	134	182	77	211	77	96
chr9_24376381_24379505	1125	750	250	687	344	281	656	375	312	344
chr9_26035180_26037123	311	466	214	253	155	272	350	175	194	291
chr9_32861524_32861663	24	18	24	22	10	24	17	28	14	22
chr9_34060236_34061323	228	141	98	152	109	76	87	370	130	489
chr9_42351364_42353546	393	175	436	436	349	262	196	262	196	218
chr9_42645793_42650216	442	840	575	310	885	1238	752	619	1017	442
chr9_43586091_43586520	90	112	64	94	34	94	56	82	47	51
chr9_43870189_43873300	280	218	1151	436	1680	560	373	218	404	622
chr9_44223793_44225936	257	300	171	343	214	621	236	214	407	214
chr9_45453036_45454524	208	387	193	193	119	863	164	119	283	491
chr9_68621511_68624623	654	405	280	280	1245	311	436	249	342	405
chr9_71428300_71429997	221	458	288	288	221	204	136	288	187	322
chr9_79764995_79768417	719	308	274	650	274	787	376	342	821	958
chr9_80672554_80677425	536	974	1120	633	390	1656	925	974	1413	536
chr9_84389334_84390635	91	390	260	104	299	468	156	247	221	234
chr9_88205500_88209875	919	744	438	1138	1269	656	788	613	481	1400
chr9_88708315_88712627	1380	1250	388	561	906	561	345	474	1294	474
chr9_104075448_104077599	301	237	237	280	194	796	344	215	366	710
chr9_110537940_110542521	825	412	916	412	733	504	825	1328	1099	321
chr9_112775392_112777093	119	442	170	136	544	221	187	255	612	272
chr9_116737772_116739686	230	153	287	459	153	708	306	230	134	172
chr9_122144458_122145192	117	88	426	272	73	117	66	139	595	59
chr9_133743709_133746321	313	235	418	366	235	261	496	209	392	601
chr10_6383905_6387876	477	397	635	675	516	596	874	675	556	1469
chr10_8843973_8848253	428	685	385	642	556	385	342	984	642	300
chr10_9558473_9563467	899	549	949	350	1298	1099	2247	499	1049	449
chr10_10106405_10110879	358	716	492	761	671	358	492	1476	895	403
chr10_13967360_13967864	242	55	66	101	96	60	35	55	186	121
chr10_16145442_16146014	160	297	63	114	92	206	51	63	74	126
chr10_17428810_17433389	366	366	595	458	321	733	687	1145	412	1648
chr10_21004308_21006148	773	184	202	368	147	497	570	331	478	497
chr10_23516818_23517799	137	157	98	108	177	216	118	226	108	78
chr10_25501938_25502672	154	95	66	66	139	103	73	117	95	51
chr10_29108512_29110967	196	1522	442	196	1031	614	466	172	491	589
chr10_30327866_30332843	1194	448	647	498	498	747	547	995	647	448
chr10_31300898_31305171	385	983	342	513	513	427	1239	983	598	342
chr10_34526830_34530805	358	358	1073	437	1511	596	596	1471	437	716
chr10_40895091_40898214	344	718	1437	219	468	281	718	656	250	656
chr10_41339670_41340623	124	76	95	267	114	114	276	124	191	200
chr10_44257053_44258432	758	179	193	262	634	138	138	97	138	221
chr10_47384948_47389798	1067	534	485	679	485	1261	1261	582	388	631
chr10_47398469_47399340	87	122	87	436	70	157	87	261	235	131
chr10_48740121_48742407	160	274	183	320	389	389	274	617	526	206
chr10_57473867_57476141	182	182	341	159	773	341	227	273	409	478
chr10_57713835_57715029	215	275	96	239	740	84	179	334	107	107
chr10_61077463_61079333	168	187	150	168	281	168	468	150	206	860
chr10_61454362_61456455	272	398	377	272	188	356	230	209	460	209
chr10_61795434_61796263	174	99	108	332	274	66	124	58	141	158
chr10_62539341_62541420	395	582	333	416	166	416	208	229	166	624
chr10_63771952_63772451	55	80	65	80	55	60	40	80	75	50
chr10_67384856_67386068	97	182	85	109	121	303	291	618	97	182
chr10_71699863_71701025	139	186	221	221	360	174	116	174	93	105
chr10_81905028_81906370	107	765	121	94	309	201	336	134	107	215
chr10_95077930_95082072	870	2154	621	373	331	1036	497	746	290	290
chr10_96757769_96762005	381	720	805	339	1440	593	381	890	339	720
chr10_98551991_98553726	364	156	503	295	295	347	191	451	156	226
chr10_99972579_99974069	268	164	373	164	447	164	522	104	119	149
chr10_100370586_100373363	750	333	417	583	444	222	389	861	611	555
chr10_103773227_103774343	100	234	134	234	112	324	112	112	246	89
chr10_104358849_104361166	649	185	185	185	185	301	232	348	533	209
chr10_111223621_111226128	501	276	426	351	201	301	251	376	677	201
chr10_114087217_114091333	988	700	370	412	659	329	453	494	617	412
chr10_117220581_117225086	946	360	405	991	360	811	315	496	1442	586
chr10_126560962_126563410	441	636	343	245	367	392	196	294	636	1224
chr10_127308085_127310278	197	154	395	307	482	921	154	154	285	219
chr10_128543846_128544489	51	71	77	45	58	84	174	45	186	84
chr10_128877196_128879628	170	389	778	268	438	413	511	219	730	632
chr10_133506074_133509919	1038	731	692	423	461	769	615	615	692	308
chr11_1526594_1529134	305	229	381	279	229	1067	381	203	457	229
chr11_3195251_3196033	141	86	219	63	63	141	94	94	55	125
chr11_4687780_4689235	146	131	131	233	175	175	262	262	233	204
chr11_9716700_9719161	640	394	197	271	664	197	492	615	197	221
chr11_10672886_10675468	904	258	181	207	465	439	336	413	336	336
chr11_11810746_11813460	299	489	733	461	326	489	543	271	380	679
chr11_14124674_14126571	266	304	588	512	322	512	379	455	152	778
chr11_18926871_18928822	156	234	273	390	293	195	390	546	371	137
chr11_20933458_20934787	120	226	226	120	399	146	133	213	173	226
chr11_23865057_23866133	140	560	247	183	86	86	161	151	97	75
chr11_25380194_25384626	532	709	1019	842	620	399	620	1684	1152	1019
chr11_25486647_25490586	355	355	1339	315	512	315	867	315	355	709
chr11_25621240_25622354	89	189	123	123	111	735	223	323	156	323
chr11_30447567_30448602	93	104	166	135	93	83	166	93	269	124
chr11_32745647_32747214	392	172	141	125	266	298	219	376	172	157
chr11_36355500_36358462	770	385	355	563	563	355	1155	533	563	355
chr11_37192847_37197777	394	1380	641	542	690	542	493	1085	592	444
chr11_38354408_38356239	201	275	183	275	220	183	293	183	293	293
chr11_44154507_44159043	635	363	408	1270	499	1542	408	408	454	862
chr11_45572990_45576121	626	219	1597	532	376	250	344	376	407	282
chr11_48205022_48206899	169	375	282	413	244	413	469	150	131	188
chr11_50347355_50350398	548	335	274	1217	761	791	335	243	456	426
chr11_51388953_51392681	261	895	522	746	373	373	671	373	634	895
chr11_52264510_52266960	221	270	196	172	172	392	515	392	196	196
chr11_52491229_52495641	309	529	1456	529	1941	353	397	529	1412	485
chr11_52738474_52738670	33	29	41	65	14	27	22	29	18	33
chr11_59882953_59884555	192	240	176	192	112	224	401	144	128	128
chr11_64465887_64469817	1022	943	668	943	629	354	707	2122	275	354
chr11_72255547_72258934	237	271	644	339	474	373	745	779	373	881
chr11_75752467_75753662	96	131	96	84	108	526	299	179	215	120
chr11_82052296_82054459	303	260	195	389	433	195	216	281	433	260
chr11_84785578_84788461	317	231	432	404	231	259	490	317	231	231
chr11_89229565_89230564	100	70	140	170	80	350	100	130	110	170
chr11_90347010_90351306	344	859	601	773	473	644	1718	387	1203	473
chr11_95523201_95525391	942	526	197	175	394	569	241	394	350	175
chr11_99550831_99555583	665	380	1378	428	808	380	1236	333	1711	808
chr11_101413675_101416784	839	280	280	808	964	653	249	497	839	280
chr11_102483610_102484648	249	125	187	363	228	477	83	93	93	467
chr11_105369505_105374347	581	968	3728	387	387	1356	1259	678	678	968
chr11_110027761_110032453	1126	704	1126	1924	375	610	1548	1220	938	1830
chr11_111572723_111575472	440	302	1375	1017	220	577	440	412	275	220
chr11_113847245_113850497	260	358	325	715	228	260	358	260	1106	1301
chr11_116189792_116192570	194	389	333	389	333	250	778	250	722	722
chr11_121767416_121770719	363	892	363	363	1156	363	363	264	462	363
chr11_127621351_127625604	553	425	766	468	553	680	468	1021	340	340
chr12_489482_492123	185	634	423	396	238	211	739	264	343	2139
chr12_2311847_2313931	458	313	375	229	188	167	542	375	417	333
chr12_3663486_3667672	293	837	419	293	544	963	377	963	712	837
chr12_7257331_7259813	223	521	397	199	496	1167	298	447	521	372
chr12_10367562_10368990	200	200	228	129	143	143	214	243	386	171
chr12_17195734_17198025	206	435	527	275	389	183	229	206	412	893
chr12_30210092_30210924	108	191	92	258	67	83	175	133	349	83
chr12_30999853_31004328	1164	448	627	1164	313	358	492	716	358	761
chr12_33026348_33027939	127	207	207	207	143	111	159	207	159	207
chr12_33108588_33108877	29	84	64	29	32	46	90	58	26	43
chr12_34358266_34362357	859	818	941	900	1227	491	327	491	491	777
chr12_35460222_35461570	310	189	216	108	350	283	121	162	189	445
chr12_36010676_36012150	133	192	177	339	295	354	369	310	339	147
chr12_38407398_38407661	42	18	21	21	37	26	18	55	32	32
chr12_39207446_39207958	77	51	77	87	77	189	87	77	220	225
chr12_44866658_44869829	444	349	666	285	888	1522	349	1490	634	222
chr12_46623782_46626771	717	598	299	448	418	448	299	598	658	329
chr12_49377951_49382338	921	877	1097	307	746	1535	1448	614	483	307
chr12_54724107_54726276	239	737	347	521	390	195	521	217	152	434
chr12_58599844_58602547	541	1297	514	541	216	568	216	1135	216	784
chr12_59361410_59364826	752	444	376	717	410	307	922	547	1127	444
chr12_62162578_62164059	148	133	311	178	252	104	148	118	207	133
chr12_63297977_63298906	251	121	158	65	111	214	195	93	158	167
chr12_65846147_65848443	574	207	459	298	574	344	643	850	551	459
chr12_66962534_66966204	330	440	404	330	844	1982	734	367	844	330
chr12_77110855_77111359	45	45	101	131	55	96	106	40	141	40
chr12_77160026_77162107	520	354	708	208	146	166	187	229	479	437
chr12_77339106_77343297	419	671	712	377	335	964	377	629	838	754
chr12_77652738_77654530	323	340	215	556	179	179	125	143	484	125
chr12_78350102_78351966	447	298	466	186	596	485	615	168	280	298
chr12_81912908_81913648	67	118	126	148	407	59	126	52	178	118
chr12_83038801_83041994	1373	415	351	543	830	415	671	224	255	224
chr12_83851280_83852868	191	111	333	318	619	1016	127	270	127	159
chr12_88564561_88566981	339	194	387	339	242	339	290	436	532	702
chr12_90409098_90413410	388	819	690	1682	776	302	906	690	1035	819
chr12_97415121_97416600	680	118	251	192	118	104	547	133	192	118
chr12_99424175_99427248	369	860	246	338	338	430	307	369	707	738
chr12_99683480_99687067	466	251	251	610	430	287	538	502	1184	717
chr12_99862786_99866780	799	1398	519	679	879	439	519	559	639	799
chr12_104676860_104680883	563	563	402	1368	443	684	1207	845	966	322
chr12_106747869_106749926	165	226	165	247	411	206	370	288	247	309
chr12_119189292_119193051	376	338	1053	639	1353	1880	752	639	1316	2030
chr12_124753161_124758045	684	1368	488	1807	440	1465	342	440	1026	781
chr12_132556516_132557656	137	547	114	171	274	399	125	103	182	137
chr13_19022910_19025073	238	260	260	303	195	151	324	238	303	454
chr13_22114545_22117426	547	893	288	403	490	490	519	346	403	432
chr13_26707161_26709212	164	410	800	267	246	923	308	226	267	308
chr13_28833330_28834661	200	133	226	106	146	106	146	373	280	133
chr13_33269652_33271039	111	499	125	166	153	111	125	125	222	333
chr13_35332233_35332410	152	37	42	35	27	37	30	46	16	19
chr13_37150988_37153303	185	463	556	602	232	532	301	347	301	602
chr13_44856560_44858395	257	275	624	147	165	128	422	147	184	202
chr13_45080777_45082048	114	191	165	114	102	203	102	445	153	229
chr13_45617795_45618733	169	103	122	113	94	300	188	75	253	235
chr13_46759185_46761169	794	159	417	397	278	575	337	179	873	575
chr13_49958871_49962128	391	261	521	651	1368	228	456	326	326	293
chr13_50508952_50510873	173	173	154	211	154	576	615	519	461	211
chr13_50741292_50745641	957	1131	478	1261	609	348	652	478	609	783
chr13_55416141_55420658	587	632	542	497	1039	497	632	452	542	316
chr13_57351806_57353962	323	172	582	302	388	367	280	302	280	345
chr13_58474733_58478904	918	1210	292	1210	459	417	709	417	334	1084
chr13_59966816_59968900	292	208	146	396	688	188	667	438	354	688
chr13_61981922_61982593	67	54	101	161	87	81	67	121	87	81
chr13_63973503_63973841	24	34	30	30	108	57	30	34	68	30
chr13_64488422_64492704	685	728	1199	343	856	642	1071	599	300	642
chr13_69854261_69855903	148	197	131	148	345	542	279	213	131	427
chr13_70034027_70038930	392	441	343	392	686	490	1618	735	637	392
chr13_71243869_71248382	993	496	1173	451	722	1354	406	542	406	542
chr13_73314833_73318481	438	292	365	876	365	876	584	1131	511	328
chr13_74319165_74320591	200	185	114	143	285	228	342	399	157	299
chr13_74328682_74331022	491	328	257	187	515	281	211	608	211	632
chr13_77550046_77550827	125	55	86	141	187	117	109	203	234	78
chr13_79794306_79796665	354	212	212	401	212	731	189	1038	354	377
chr13_81779490_81783931	311	1421	1155	355	1110	711	444	1776	355	666
chr13_82006028_82007165	193	114	80	114	409	591	80	284	478	125
chr13_82902752_82907534	765	383	1004	574	1291	1004	526	430	813	478
chr13_83284886_83289173	343	1458	429	514	1458	772	472	514	386	472
chr13_83411447_83411690	34	44	32	19	41	32	17	19	24	34
chr13_84415034_84419943	540	1129	1129	442	2896	1129	393	589	1080	736
chr13_84444926_84449045	371	1442	494	741	989	659	330	577	1359	1112
chr13_88069531_88071724	219	658	1009	395	329	373	395	241	658	175
chr13_90111602_90114186	491	258	284	698	284	233	594	646	284	439
chr13_93441382_93444971	359	251	825	251	395	718	574	682	251	861
chr13_96085492_96090423	592	542	493	986	493	542	345	986	1134	888
chr13_96333448_96337393	355	434	1262	1026	316	592	789	513	355	828
chr13_97757659_97760912	781	423	228	716	358	683	455	390	1073	748
chr13_98311997_98314576	284	516	1032	309	361	593	232	258	645	1573
chr13_100252074_100253345	381	102	165	292	114	330	699	140	102	165
chr13_103640543_103641180	89	83	76	140	70	83	83	51	96	255
chr13_104399686_104404657	895	1243	348	2933	1143	845	646	1044	447	547
chr13_105251182_105252384	120	228	397	96	132	180	349	132	276	96
chr13_109022305_109024645	164	211	491	328	632	585	234	608	257	164
chr13_111420938_111421965	226	82	134	390	164	154	123	113	113	308
chr13_113396326_113396736	180	62	45	152	41	258	66	53	57	70
chr14_23588755_23591935	1113	350	413	541	318	286	795	922	477	318
chr14_23802406_23804237	1099	220	348	732	128	531	293	201	366	238
chr14_26538788_26540574	268	554	179	232	268	161	125	179	161	518
chr14_30547974_30550763	753	669	335	1283	279	223	837	195	251	725
chr14_32659490_32662192	811	351	351	216	243	243	1135	351	189	297
chr14_33098996_33099536	54	38	189	49	135	113	59	43	146	103
chr14_37601747_37603504	193	193	141	756	264	123	141	141	492	246
chr14_37945198_37947793	285	519	363	182	908	285	260	441	285	311
chr14_42432717_42435417	324	540	324	405	378	297	189	513	621	405
chr14_46901353_46904107	689	689	496	248	551	303	386	771	358	275
chr14_50486754_50487301	71	38	153	49	208	104	55	44	208	219
chr14_50767919_50769276	624	149	434	299	149	312	271	136	122	204
chr14_51307521_51308665	103	126	183	114	114	206	229	172	103	160
chr14_54180126_54180922	64	96	88	96	127	470	151	255	64	56
chr14_55018280_55020686	337	433	650	650	481	602	1059	409	361	529
chr14_57940826_57941934	111	288	144	133	122	111	122	288	144	133
chr14_60740676_60745357	515	1170	421	796	1638	421	609	843	983	562
chr14_67532733_67533216	39	68	106	222	39	72	106	72	130	92
chr14_69597486_69601159	404	698	477	698	624	551	1249	698	624	882
chr14_70143638_70148364	520	992	756	331	1087	473	425	803	520	662
chr14_71000255_71004690	621	488	1375	1020	488	532	1197	399	399	1685
chr14_71938324_71942389	447	366	610	1098	650	325	285	976	569	610
chr14_73311286_73312909	292	747	227	130	308	211	146	227	211	276
chr14_73747706_73752586	1659	390	1122	586	830	683	683	683	683	488
chr14_77621164_77625996	532	1063	1353	1160	3479	821	532	483	773	580
chr14_78873963_78878507	364	727	727	318	1727	454	636	454	409	1681
chr14_81930825_81934838	562	602	482	401	602	321	321	963	401	441
chr14_83349418_83350238	467	139	74	98	98	90	148	156	98	205
chr14_85184213_85185174	202	125	192	115	135	163	77	269	144	327
chr14_85216859_85221779	590	443	492	541	541	394	541	394	738	836
chr14_85664138_85664553	71	95	87	37	154	71	58	37	87	120
chr14_89472965_89473273	62	65	52	28	28	68	34	25	55	31
chr14_98197852_98198709	111	137	86	60	129	309	103	94	206	77
chr14_105987955_105990645	242	269	753	350	484	430	323	565	457	215
chr15_21336816_21339396	464	722	181	516	181	413	206	206	206	439
chr15_23738110_23742292	1046	460	544	544	293	1004	418	335	585	335
chr15_28287969_28291882	626	704	861	1057	548	313	1135	313	509	861
chr15_29071134_29072025	62	134	134	80	383	196	178	107	187	143
chr15_30434237_30434425	49	13	26	43	38	28	24	34	79	15
chr15_31251121_31255351	423	3046	381	677	423	465	677	550	338	465
chr15_43898131_43898948	114	310	123	74	114	466	90	57	82	147
chr15_45980810_45982756	175	370	525	448	681	234	487	584	428	156
chr15_47709551_47714151	368	506	368	368	414	644	460	506	460	414
chr15_51525084_51529248	1083	1416	750	583	708	333	874	833	458	791
chr15_52984416_52988114	481	629	888	666	629	481	629	814	629	407
chr15_54720241_54723473	711	1260	485	226	485	549	356	1131	259	485
chr15_55821854_55823996	214	643	193	236	214	386	193	236	343	257
chr15_61529456_61531836	524	286	262	238	262	500	452	167	309	357
chr15_61577133_61579004	206	150	150	299	168	131	187	636	262	206
chr15_66392838_66394959	148	233	212	170	339	212	361	382	594	148
chr15_68167979_68172154	334	376	1211	585	1628	1754	752	1461	501	1336
chr15_68964496_68965138	250	71	96	135	141	109	96	96	148	71
chr15_69315966_69320705	474	806	900	806	379	758	427	853	474	806
chr15_74793659_74796387	546	246	327	982	355	600	327	764	355	409
chr15_74883185_74883845	46	132	356	211	73	211	53	59	73	53
chr15_75376640_75379901	391	620	391	293	750	815	293	293	359	391
chr15_79110012_79114193	544	544	1338	502	1087	376	836	627	711	711
chr15_79533835_79538620	1244	479	479	1196	479	2775	383	670	813	861
chr15_80641739_80645447	334	742	890	334	667	1557	260	2002	260	630
chr15_83932183_83933938	316	263	351	263	140	421	228	158	140	211
chr15_85011773_85016586	385	578	337	914	1877	914	866	1059	433	1059
chr15_85407010_85409388	380	499	547	1237	690	333	214	737	404	190
chr15_90171992_90174914	643	234	409	292	263	292	438	409	614	292
chr15_92493766_92493944	21	27	20	46	18	50	23	21	16	61
chr15_94133877_94137020	534	754	817	691	723	1414	314	251	754	440
chr15_99093867_99095112	162	125	174	137	87	261	249	149	174	112
chr16_6223896_6225832	600	368	387	155	174	136	213	620	368	465
chr16_9361616_9361745	40	13	9	13	27	34	35	19	17	35
chr16_9719202_9719709	41	91	101	162	71	106	71	76	106	61
chr16_12298286_12300449	368	195	389	454	433	216	151	173	433	389
chr16_14381886_14384644	276	248	1076	221	883	331	359	524	469	276
chr16_14456512_14459511	240	360	510	360	840	210	300	360	450	390
chr16_17142645_17144192	108	139	186	139	526	232	124	170	139	340
chr16_17519365_17523880	542	542	497	497	1761	542	768	1219	1219	632
chr16_18213885_18215091	133	362	555	277	302	84	181	253	458	96
chr16_23400986_23403624	1108	422	422	422	317	264	448	396	290	343
chr16_28693399_28698176	382	717	669	525	573	525	621	1194	382	478
chr16_31242539_31247333	671	671	575	767	1151	431	911	479	431	815
chr16_36719974_36723073	372	248	403	217	248	651	961	372	1952	248
chr16_47068596_47068990	35	71	35	95	63	51	71	130	126	134
chr16_47924428_47927069	607	607	264	423	370	291	396	713	343	185
chr16_48864983_48867470	224	473	323	497	473	249	274	870	199	448
chr16_50566839_50570197	840	571	739	1444	269	504	437	1007	470	437
chr16_53505098_53508688	323	1221	431	539	503	467	323	826	323	467
chr16_56038194_56041694	595	280	280	980	280	280	805	945	420	525
chr16_58030374_58035190	385	385	915	722	626	1204	626	578	530	2023
chr16_62471793_62472875	108	216	76	260	238	97	87	335	141	216
chr16_62978532_62981226	296	512	189	216	323	727	216	377	700	512
chr16_69616415_69617312	152	81	179	63	135	233	126	224	296	90
chr16_73982021_73983732	188	257	188	222	291	171	308	137	342	222
chr16_78678467_78683367	1029	441	490	588	343	441	1029	1372	441	1127
chr16_81554075_81557164	340	556	402	340	494	247	309	1483	216	247
chr16_83150523_83152487	137	491	530	550	452	216	137	177	216	373
chr16_85457745_85458881	102	125	170	284	307	125	91	193	91	91
chr16_86324589_86328304	557	297	372	334	743	706	372	297	334	409
chr16_86557708_86561553	385	923	1192	923	461	423	961	500	654	461
chr16_86588778_86589452	121	81	81	222	67	121	108	135	88	54
chr16_86783990_86786451	345	221	197	246	271	197	246	591	837	197
chr16_89410081_89411251	94	105	269	140	94	129	257	199	269	140
chr17_81738_84335	338	234	571	390	260	493	312	234	312	312
chr17_267671_271492	764	382	420	573	420	344	726	688	420	650
chr17_1306629_1308233	160	593	674	128	321	160	257	257	209	225
chr17_2883116_2886318	384	768	865	320	704	288	448	736	1057	352
chr17_11399470_11403190	521	744	1190	298	372	335	1265	446	335	707
chr17_14981927_14984781	228	228	257	314	970	228	599	1570	400	200
chr17_15076202_15079119	408	379	350	788	233	321	292	350	467	963
chr17_17107644_17109171	168	504	336	107	443	168	428	122	168	137
chr17_17738105_17740479	190	261	475	404	190	427	237	309	190	237
chr17_18912843_18914384	925	185	139	154	154	509	277	293	339	277
chr17_20677304_20681221	1841	901	274	1058	979	1058	353	823	313	313
chr17_22325815_22326389	155	109	86	52	69	63	63	57	69	46
chr17_23329204_23333186	319	637	319	438	478	916	319	757	279	358
chr17_23981923_23982931	151	121	81	91	353	181	252	141	101	212
chr17_25442464_25445948	557	453	488	906	418	348	1115	523	732	1498
chr17_25536733_25536924	19	15	36	17	23	27	27	31	34	94
chr17_26598174_26602517	434	651	651	434	565	2302	565	347	869	955
chr17_29897359_29897809	77	144	41	41	54	95	36	54	86	72
chr17_32502708_32503610	81	451	135	153	90	126	415	153	72	126
chr17_33654904_33659095	629	629	1173	293	629	1509	1006	1551	293	419
chr17_34543016_34547220	504	547	462	1051	420	420	336	420	420	504
chr17_39394213_39396671	541	590	197	565	221	197	172	467	197	320
chr17_39592800_39597116	950	475	518	345	388	388	518	2546	1036	345
chr17_46991426_46995063	1346	436	364	364	364	1237	582	436	546	436
chr17_48239853_48242860	391	511	752	722	241	391	451	1413	361	2255
chr17_49658463_49660896	170	560	268	316	608	706	438	365	608	414
chr17_52457374_52458571	311	491	180	203	144	84	108	599	120	156
chr17_52708054_52709914	205	130	167	242	335	242	205	688	205	335
chr17_55203632_55203924	55	53	32	38	26	58	61	53	67	44
chr17_55219926_55223777	385	616	1271	501	616	424	308	732	616	462
chr17_55462779_55467036	511	553	383	341	553	1107	1703	511	596	341
chr17_57027445_57027547	12	8	23	8	8	9	10	9	31	9
chr17_58880374_58881271	341	81	90	90	99	188	197	215	72	287
chr17_69886096_69886651	189	233	50	83	155	44	117	39	222	83
chr17_71235163_71235777	190	184	135	160	92	135	98	61	68	68
chr17_77342576_77346953	306	613	481	394	700	1269	1138	657	525	1094
chr17_78034743_78037034	183	183	435	389	367	160	298	344	344	252
chr17_79995299_79997864	180	795	616	564	513	257	744	333	641	462
chr17_80378824_80379247	42	34	34	47	59	127	68	127	76	89
chr18_764546_769429	977	439	439	684	439	391	391	928	488	830
chr18_7547190_7551523	1300	433	477	520	693	607	1603	520	737	433
chr18_7878689_7882524	1151	537	690	384	1035	575	729	345	614	1419
chr18_9044147_9048454	345	1077	1120	1335	431	517	1120	345	1249	1163
chr18_10305580_10307833	338	406	248	225	225	293	203	180	360	180
chr18_11837738_11840834	217	464	279	372	433	372	310	248	681	248
chr18_12529817_12534176	436	305	567	1221	1482	1569	1046	959	1090	697
chr18_14491172_14493656	273	745	845	919	273	1838	174	696	323	522
chr18_16601757_16604956	768	640	224	416	320	1216	288	256	352	1024
chr18_18218548_18222113	499	250	357	321	1319	357	463	570	463	250
chr18_18940508_18944187	405	993	809	920	589	809	258	589	1987	589
chr18_19454108_19456525	290	556	387	218	314	266	218	749	290	459
chr18_20303538_20305720	196	567	524	175	218	218	393	175	393	218
chr18_21742952_21744208	239	201	565	113	163	151	163	138	88	188
chr18_23048669_23049889	439	244	207	403	110	207	134	122	98	268
chr18_25275905_25277439	169	230	445	138	307	184	583	460	245	245
chr18_26261758_26264878	218	1716	749	686	1186	281	343	374	406	281
chr18_27461391_27465196	913	1370	457	266	495	419	381	761	304	799
chr18_28452144_28453954	199	127	471	253	326	272	308	308	163	145
chr18_30322193_30325751	1103	569	1103	356	427	285	1779	463	249	391
chr18_36469553_36471104	295	171	295	124	233	279	124	434	202	310
chr18_36628840_36632708	503	348	658	348	503	1122	812	967	619	309
chr18_37407446_37408718	127	216	229	114	127	153	114	127	280	394
chr18_43233712_43237348	291	255	327	255	618	436	691	764	691	1018
chr18_43499914_43500535	56	87	199	87	56	217	124	118	124	56
chr18_44838983_44839229	54	17	34	32	32	20	25	54	20	27
chr18_46563546_46564349	56	257	177	169	88	402	177	96	96	137
chr18_51425810_51427361	217	543	326	620	589	171	186	248	186	124
chr18_51479519_51482034	402	352	578	755	252	352	503	428	252	277
chr18_52789020_52793391	1311	1486	830	393	306	481	350	481	1136	437
chr18_52855298_52858461	316	253	316	474	253	443	348	474	411	380
chr18_54119975_54123657	331	847	331	405	442	405	331	258	405	515
chr18_63872740_63873105	69	69	44	33	168	29	73	51	37	33
chr18_66451543_66452790	262	100	125	150	100	175	200	436	137	461
chr18_67104913_67107568	239	1142	398	584	584	239	690	1195	1328	478
chr18_70069799_70072822	302	242	998	574	302	272	665	605	635	242
chr18_71071842_71074803	237	266	444	1066	207	266	207	266	415	237
chr18_71977014_71981361	435	348	609	435	609	652	609	1087	913	478
chr18_73283816_73287970	415	1122	623	457	457	582	1039	623	665	374
chr18_73966254_73970786	1269	816	544	317	408	1677	1269	453	544	1224
chr18_74843379_74845651	432	204	409	250	182	182	204	954	273	318
chr18_75533997_75534564	181	74	45	51	85	153	40	74	51	284
chr18_77187007_77189854	740	456	712	740	456	256	199	228	427	285
chr19_770532_771236	169	70	56	415	77	77	63	134	296	70
chr19_3073817_3077673	347	463	347	656	771	308	424	887	1118	424
chr19_5643392_5645221	183	421	951	201	476	128	146	476	494	183
chr19_7172858_7174091	86	148	99	345	160	86	653	111	123	136
chr19_9312711_9313873	174	128	442	128	232	163	105	81	105	267
chr19_14486776_14487929	92	265	438	150	81	242	138	92	219	184
chr19_15155231_15157024	1148	287	412	143	466	233	215	269	161	412
chr19_15477518_15478606	87	316	131	326	370	131	185	109	109	98
chr19_20692474_20693773	273	390	91	195	117	247	104	156	208	195
chr19_21511997_21515984	678	279	478	478	558	518	319	877	359	399
chr19_22200786_22201548	76	168	61	61	99	69	53	251	76	69
chr19_23936692_23939575	490	202	346	404	288	807	519	807	1096	375
chr19_24021647_24025696	526	1336	688	810	810	1053	1093	1701	648	324
chr19_24119636_24123270	472	291	763	690	436	327	400	291	836	545
chr19_25275468_25279020	604	852	1350	284	426	675	355	320	1101	320
chr19_25740543_25741932	111	194	139	208	153	194	153	111	153	139
chr19_26612599_26614002	323	140	210	140	393	210	196	730	716	112
chr19_27060180_27063810	290	799	545	290	690	690	545	327	545	545
chr19_27426829_27427323	40	158	124	79	119	124	35	79	59	59
chr19_29004665_29004848	15	15	33	16	16	20	15	16	22	44
chr19_29185698_29190627	986	542	394	739	1676	887	444	1774	986	444
chr19_30447393_30451005	433	578	542	650	397	433	795	361	325	1734
chr19_30772271_30774276	381	421	221	241	261	1624	180	842	862	160
chr19_34773631_34774666	186	331	135	124	279	72	104	93	83	114
chr19_36868432_36870614	589	916	153	371	698	262	436	546	786	393
chr19_42118988_42119867	97	141	123	97	141	105	167	202	70	70
chr19_42455178_42456566	264	208	222	194	153	194	167	111	153	208
chr19_46431025_46432184	139	104	267	116	197	116	151	116	104	313
chr19_48409165_48410659	134	344	433	179	120	105	254	329	359	254
chr19_49073550_49075565	141	161	564	242	383	202	181	242	161	564
chr19_52536705_52539797	247	804	247	309	216	989	680	371	866	371
chr19_52830573_52835282	2213	942	753	1130	1177	753	1130	2213	1413	377
chr19_55127104_55129201	294	231	524	189	231	231	189	336	315	315
chr19_56308896_56310083	356	356	356	154	214	107	142	914	107	131
chr19_57027137_57029045	534	267	305	267	153	324	172	191	305	229
chr19_57658240_57662659	928	619	663	1016	840	619	2254	972	1282	486
chr19_58110130_58111721	223	143	398	414	111	223	127	111	207	605
chr20_629113_630264	150	345	184	219	230	345	92	81	196	265
chr20_1498918_1502050	532	219	345	251	251	501	345	251	376	219
chr20_2285796_2290569	477	477	907	859	620	477	477	430	430	477
chr20_3857946_3859054	266	122	144	266	211	155	78	89	155	133
chr20_6782689_6785620	1202	234	410	234	440	1055	293	322	352	733
chr20_6986536_6991002	1161	581	357	536	447	3082	1340	2233	759	804
chr20_8411116_8415077	1109	555	1545	594	515	277	911	1862	713	713
chr20_9230497_9232881	381	334	262	453	334	381	477	215	334	381
chr20_9717800_9722362	547	365	365	502	684	456	1551	365	1597	1141
chr20_10838591_10843580	349	1297	349	1197	898	349	649	399	1796	399
chr20_11081918_11083262	94	202	390	134	309	108	175	175	108	134
chr20_11485109_11486231	236	202	90	146	404	90	168	157	101	202
chr20_12039642_12041616	572	217	276	197	316	217	197	533	178	158
chr20_14171645_14173943	230	322	230	414	712	460	299	207	230	299
chr20_14354402_14358655	638	340	425	510	638	595	638	383	2254	425
chr20_14466424_14471086	1865	653	653	1492	746	1958	513	326	746	326
chr20_15497924_15499176	714	225	225	163	125	88	100	588	100	113
chr20_15568919_15569507	153	47	106	112	82	106	235	47	82	106
chr20_16395796_16398137	187	328	398	187	328	234	258	445	538	234
chr20_16707696_16711752	811	406	811	608	811	1014	487	284	365	649
chr20_18700013_18704924	1130	1473	589	1080	1473	1179	2603	442	344	933
chr20_19179488_19181309	146	219	200	291	255	237	219	473	601	255
chr20_19725741_19727705	511	491	196	275	354	196	177	295	216	373
chr20_22136664_22139462	336	224	1259	280	476	308	420	895	336	252
chr20_27209692_27212926	323	259	485	1520	550	809	388	582	291	388
chr20_27240727_27242678	137	1171	234	429	234	761	234	390	371	215
chr20_27361101_27365864	524	1858	572	619	572	714	619	810	667	1238
chr20_29990026_29994548	1311	769	543	1447	633	950	407	543	769	1311
chr20_30142529_30144416	453	226	321	264	547	151	283	189	132	170
chr20_31320591_31324032	1308	860	860	482	998	860	344	310	241	860
chr20_31406898_31410319	239	274	616	547	479	1266	855	445	342	308
chr20_31952186_31956108	353	981	314	392	353	824	314	1294	1098	353
chr20_32243206_32247510	344	689	473	344	560	473	646	861	1119	1463
chr20_34204650_34209152	855	1981	630	765	675	945	495	2431	1080	360
chr20_38812515_38813437	138	101	194	129	184	249	92	111	184	65
chr20_40971247_40972524	817	128	153	268	217	102	434	179	179	140
chr20_42495402_42498918	457	2110	422	703	281	492	457	422	774	281
chr20_44180924_44184351	377	994	1199	274	411	274	274	480	514	240
chr20_44534269_44535033	199	115	76	61	53	99	359	130	168	283
chr20_45241017_45245637	1016	739	2818	1987	508	1432	323	554	416	878
chr20_46772718_46775405	188	457	1908	833	806	349	914	457	860	188
chr20_47565984_47569547	285	321	998	534	249	819	428	1318	713	428
chr20_47925337_47930266	444	1183	1824	493	789	394	444	789	1577	591
chr20_48451851_48451983	15	20	15	20	26	32	16	32	12	12
chr20_50546958_50549731	222	305	693	360	499	471	610	222	388	388
chr20_55360369_55361688	237	396	369	580	211	145	132	303	119	541
chr20_56190718_56191745	82	144	134	82	123	657	134	134	72	82
chr20_63363366_63363904	65	70	118	140	172	70	75	59	151	43
chr21_5392822_5393348	126	47	47	53	47	195	37	74	158	37
chr21_5554756_5555554	96	144	96	160	96	136	88	200	152	311
chr21_7111879_7116858	1245	1444	697	1195	1145	946	1095	797	448	498
chr21_8999030_8999724	201	49	90	118	62	90	153	132	97	118
chr21_9363810_9364382	74	74	46	120	143	51	97	57	57	137
chr21_10392540_10392977	57	48	149	122	44	79	57	87	39	31
chr21_10488933_10489903	78	126	78	87	78	107	87	534	262	243
chr21_11837052_11841253	966	1596	924	798	714	966	1512	546	1050	294
chr21_11878501_11883317	1204	1060	482	578	626	337	337	1300	385	626
chr21_11963811_11965525	394	137	480	754	326	274	240	171	223	137
chr21_12570324_12571996	284	184	485	418	451	251	201	385	485	251
chr21_13122525_13124976	221	417	686	319	392	392	294	392	711	221
chr21_14157149_14161999	1067	485	1310	1358	776	485	631	534	437	582
chr21_17053093_17055552	369	492	320	246	516	639	344	172	344	393
chr21_17552957_17557800	1162	533	387	872	581	581	387	2034	581	581
chr21_19013628_19016257	605	394	237	657	447	473	500	184	473	342
chr21_19320591_19324519	314	432	471	903	314	982	314	1061	550	550
chr21_23738489_23742216	335	298	708	1006	261	559	522	335	335	1081
chr21_23869206_23871073	168	168	131	149	261	168	355	205	336	317
chr21_25258840_25263071	550	381	846	762	296	1354	719	677	423	381
chr21_26976630_26980482	347	693	424	424	424	1040	963	539	308	539
chr21_27315904_27319937	323	766	323	282	1008	363	484	524	1129	686
chr21_27792906_27794634	138	190	328	190	553	207	259	173	225	138
chr21_32263737_32264684	85	95	104	114	303	436	341	142	142	76
chr21_32973127_32973405	22	56	81	22	39	67	39	83	111	33
chr21_33219975_33222788	197	534	394	506	675	366	197	281	591	450
chr21_35778369_35782147	1625	1511	264	1285	491	680	264	491	416	756
chr21_36329565_36330479	219	311	73	64	110	91	82	64	82	119
chr21_37708699_37713265	1552	639	639	1005	320	320	776	1142	959	1461
chr21_38999917_39002066	774	236	881	344	688	989	215	1569	602	215
chr21_39332989_39334719	311	311	208	363	900	311	657	208	260	173
chr21_41082088_41086561	447	805	716	492	447	1744	358	447	805	671
chr21_42335858_42336907	231	294	73	776	147	115	136	241	105	294
chr21_45415423_45419319	623	390	273	390	468	1052	312	390	935	545
chr22_12434462_12435575	100	211	89	401	89	312	134	100	78	189
chr22_13456624_13459926	1552	528	1222	1717	660	231	462	264	726	495
chr22_13468837_13471920	1017	370	339	432	493	771	462	524	277	925
chr22_13586355_13587315	173	144	326	326	182	125	86	67	221	240
chr22_13891886_13896652	477	381	1049	572	1477	381	429	334	906	953
chr22_18039576_18042191	183	549	235	785	262	418	209	392	445	288
chr22_19550054_19555037	448	897	897	1545	648	448	448	2741	1595	1096
chr22_20509911_20510858	95	95	104	199	66	189	142	284	123	95
chr22_22824483_22827112	289	657	894	237	315	552	237	789	552	289
chr22_23018317_23018478	14	29	13	24	18	11	35	60	16	35
chr22_23592372_23592517	17	29	17	13	42	12	25	15	36	12
chr22_25400170_25405043	780	926	585	1608	1072	828	487	2631	926	439
chr22_26098078_26100388	185	531	254	947	1594	393	1040	1340	231	300
chr22_26766110_26769834	633	1825	410	633	484	298	596	372	484	335
chr22_27543984_27546455	222	420	222	198	272	445	272	593	222	222
chr22_29200222_29204308	409	1512	449	899	286	409	286	899	1553	490
chr22_30487580_30488616	83	83	73	93	186	145	83	176	135	83
chr22_34055898_34060210	647	1121	302	1423	388	819	474	388	474	690
chr22_34193370_34197005	400	545	473	691	763	327	618	254	254	254
chr22_35352585_35355505	701	555	292	380	234	730	613	1489	321	438
chr22_36036823_36041317	764	1887	494	899	1079	1663	360	1663	315	494
chr22_36129415_36133479	366	1382	325	325	772	1382	569	488	488	406
chr22_40259132_40259835	120	112	70	84	77	204	63	77	176	63
chr22_41964060_41968830	1049	716	620	1288	620	429	477	334	429	1336
chr22_42188544_42189657	245	267	267	156	134	134	423	145	423	456
chr22_42671859_42672707	280	144	280	102	246	68	110	178	263	102
chr22_43775149_43779362	590	421	463	1264	3160	548	800	337	1643	632
chr22_43875543_43878585	669	882	1582	304	243	913	700	365	365	274
chr22_44528207_44529698	194	298	507	239	194	119	119	790	164	134
chr22_44804169_44807381	385	385	482	2024	578	803	514	675	578	385
chr22_45591811_45596128	432	561	648	734	604	950	820	863	863	345
chr22_46998740_47000354	323	178	420	355	145	387	161	161	129	210
chr22_47448418_47451689	360	850	1243	883	589	393	491	752	294	491
chr22_48878975_48881985	301	662	813	632	421	271	692	512	1054	211
chr22_50303196_50306107	582	262	524	1281	291	902	408	233	204	611
chrX_1152807_1155373	308	231	359	308	1052	282	231	642	565	205
chrX_3251710_3255719	1123	682	521	641	481	762	481	481	1964	321
chrX_4888332_4890976	344	661	661	476	344	212	291	476	212	423
chrX_5126763_5129770	210	241	782	271	210	571	421	451	631	331
chrX_5487500_5491471	357	397	357	477	397	357	278	357	477	1271
chrX_6020967_6021106	11	10	75	11	24	33	53	13	39	14
chrX_6134379_6135989	290	177	145	225	467	338	515	483	515	145
chrX_8440255_8442320	186	310	599	537	351	330	227	145	475	805
chrX_10688181_10691893	631	1076	1708	668	297	297	445	557	334	371
chrX_15757660_15760825	317	285	538	950	285	1234	1488	222	348	791
chrX_16994277_16996757	1066	322	223	198	198	372	446	868	471	298
chrX_19854886_19859250	393	1047	611	567	567	305	436	524	742	524
chrX_21316701_21320292	1185	575	431	1688	503	251	1365	395	359	323
chrX_22285520_22289006	837	593	349	662	872	314	453	279	279	244
chrX_25846454_25849583	282	501	375	907	407	1126	313	344	626	282
chrX_27141631_27143154	320	137	396	640	183	228	168	107	487	442
chrX_28531940_28534493	357	306	868	383	204	689	204	383	460	485
chrX_28752613_28755538	263	585	380	410	702	614	234	410	614	468
chrX_32025082_32028500	1367	273	547	1675	513	308	615	513	513	444
chrX_32787949_32791708	2030	2180	526	526	601	1316	564	677	338	413
chrX_37473704_37478395	985	1454	1829	1032	375	1313	751	375	328	469
chrX_39940521_39942759	224	224	269	671	604	157	515	336	291	560
chrX_40386102_40390855	333	2519	1188	1616	665	428	760	856	713	1473
chrX_40397841_40400411	797	463	463	231	1054	411	308	283	257	180
chrX_42375845_42376425	52	151	52	46	128	104	52	64	145	41
chrX_51293248_51297075	651	1646	1990	651	498	804	344	651	306	459
chrX_52425894_52426901	252	181	111	574	352	121	121	101	91	81
chrX_57024110_57027094	567	597	209	298	269	448	209	507	1402	1134
chrX_68452859_68453148	26	38	26	40	43	118	20	46	46	35
chrX_68539878_68543299	239	308	445	274	684	855	924	411	479	513
chrX_71926911_71928753	239	184	350	534	405	147	166	497	166	258
chrX_75146136_75149836	296	703	555	666	518	296	259	407	740	296
chrX_75259244_75263588	304	391	348	1390	608	434	825	652	1086	782
chrX_81786274_81789442	475	412	412	507	1299	253	602	602	444	444
chrX_87826874_87830063	415	351	765	383	255	415	223	478	351	670
chrX_91446365_91451091	378	1560	378	803	520	756	520	662	945	614
chrX_103694838_103699035	588	1553	1511	923	588	588	1721	713	462	378
chrX_106665290_106667034	889	349	331	610	541	174	262	174	122	628
chrX_109516611_109517795	95	225	154	249	166	178	107	107	178	225
chrX_111962343_111963359	193	254	142	102	102	122	254	234	163	91
chrX_116717724_116720686	296	355	415	237	326	474	207	592	444	681
chrX_121925227_121929741	316	451	632	406	1038	903	542	767	316	632
chrX_124596434_124597358	83	249	74	74	222	74	185	102	129	102
chrX_128072773_128074153	110	221	124	97	179	290	138	386	290	248
chrX_134957036_134960500	416	866	866	346	312	312	693	416	831	485
chrX_135004456_135005634	188	153	389	188	448	141	401	82	212	141
chrX_137214085_137215598	121	303	212	121	136	136	257	166	272	802
chrX_137514888_137515786	314	144	269	153	99	90	81	117	225	216
chrX_148114348_148117044	324	270	189	216	270	728	243	404	216	593
chrX_148642319_148643550	382	111	172	443	98	111	271	172	98	111
chrX_150416065_150419590	1093	458	917	423	811	952	529	635	599	811
chrX_155409672_155414545	926	1949	731	487	975	536	487	633	682	633
chrY_228113_232987	585	1024	439	1024	780	926	1024	1462	390	877
chrY_262619_265284	267	480	773	240	533	346	240	506	400	613
chrY_843329_847745	751	1016	397	574	486	1369	530	839	574	883
chrY_4078240_4080843	443	469	416	286	312	443	521	416	521	260
chrY_4640822_4643266	269	660	318	220	391	415	318	367	342	342
chrY_5087257_5090141	202	231	404	548	260	490	461	288	317	202
chrY_5225701_5227841	514	171	257	171	471	193	920	257	278	150
chrY_5507721_5511092	506	405	1348	337	270	607	438	270	405	337
chrY_5512847_5514742	303	190	171	341	796	625	417	190	436	1232
chrY_6971019_6972911	227	341	265	132	227	492	435	511	132	454
chrY_7900476_7904652	1002	668	459	668	418	292	626	919	1378	418
chrY_8097386_8099976	311	259	466	440	389	466	207	207	440	259
chrY_8232582_8234094	287	953	121	408	136	227	378	151	197	272
chrY_9787116_9789781	506	426	560	267	293	826	426	400	240	426
chrY_11121205_11124193	299	388	239	598	418	299	867	657	717	448
chrY_16061907_16064326	314	484	290	290	605	484	290	218	169	363
chrY_16138772_16140311	169	169	369	308	431	231	169	215	246	354
chrY_16370615_16372665	308	308	738	205	267	164	185	554	144	287
chrY_17019902_17023900	520	320	960	1599	1039	520	480	1000	320	880
chrY_18893134_18893971	301	75	218	67	100	75	159	184	126	226
chrY_19231669_19233703	427	305	732	447	264	325	203	264	203	407
chrY_19791396_19795485	491	654	491	532	572	532	777	859	327	1308
chrY_20203574_20205920	563	188	188	657	258	328	211	188	235	328
chrY_20971887_20974606	435	1006	517	435	326	218	517	517	218	816
chrY_21250927_21255758	531	1015	870	628	725	435	1208	725	1015	773
chrY_21553136_21554280	526	80	160	194	515	229	126	297	263	309
chrY_23547759_23549385	163	130	390	439	211	163	179	358	374	114
chrY_24647742_24649122	193	179	110	317	124	110	152	124	97	97
chrY_24863397_24864267	305	261	78	96	61	78	104	87	305	87
chrY_25968696_25972283	359	682	287	502	359	789	1865	323	502	538
